N = 30

##### iter = 1 #####

Y = [[0.2187515  0.40437245 0.37687605]
 [0.21253388 0.45550714 0.33195898]
 [0.3096523  0.38004135 0.31030636]
 [0.30295813 0.36373465 0.33330721]
 [0.36758022 0.33555356 0.29686622]
 [0.43876185 0.25491924 0.30631892]
 [0.43467186 0.2924347  0.27289344]
 [0.432159   0.2712887  0.2965523 ]
 [0.3548334  0.39838879 0.24677781]
 [0.50647998 0.18485557 0.30866446]
 [0.60055364 0.17543384 0.22401252]
 [0.53136221 0.22039335 0.24824444]
 [0.34412322 0.38341187 0.2724649 ]
 [0.32146133 0.39437304 0.28416563]
 [0.4015471  0.23593464 0.36251826]
 [0.41454099 0.35160622 0.2338528 ]
 [0.3218171  0.43167516 0.24650773]
 [0.48350847 0.23224871 0.28424281]
 [0.47012173 0.22482035 0.30505792]
 [0.4917461  0.20042548 0.30782841]
 [0.26550754 0.44860072 0.28589174]
 [0.24579959 0.42306529 0.33113512]
 [0.36605636 0.29599048 0.33795316]
 [0.31818524 0.29028806 0.39152671]
 [0.32312169 0.31681532 0.36006299]
 [0.19105047 0.43116362 0.37778591]
 [0.28141337 0.31549873 0.4030879 ]
 [0.34485406 0.28983776 0.36530818]
 [0.2123873  0.42138272 0.36622998]
 [0.32369437 0.27382789 0.40247773]]

alpha[0] = 0.3610411330431047
alpha[1] = 0.32326298050968116
alpha[2] = 0.31569588644721425

mu[0] = [0.49091163 0.25101938]
mu[1] = [0.57124964 0.28132718]
mu[2] = [0.53352035 0.29499597]

sigma[0] = [[0.02530905 0.00413907]
 [0.00413907 0.01586245]]
sigma[1] = [[0.02258977 0.00368009]
 [0.00368009 0.01736282]]
sigma[2] = [[0.02430492 0.00470485]
 [0.00470485 0.01636687]]

##### iter = 2 #####

Y = [[0.21075789 0.40417489 0.38506722]
 [0.22306583 0.43190123 0.34503294]
 [0.31145457 0.378571   0.30997443]
 [0.30155841 0.36286961 0.33557199]
 [0.36489665 0.33871871 0.29638464]
 [0.44290439 0.246613   0.3104826 ]
 [0.42762318 0.29767454 0.27470228]
 [0.43237868 0.2668554  0.30076593]
 [0.34491561 0.42671568 0.22836872]
 [0.53620084 0.15920478 0.30459438]
 [0.60628608 0.1556942  0.23801972]
 [0.52956257 0.21223441 0.25820302]
 [0.34184369 0.39459821 0.2635581 ]
 [0.32360761 0.398598   0.27779439]
 [0.40872633 0.23458064 0.35669302]
 [0.38867143 0.39274166 0.21858691]
 [0.32021862 0.45460874 0.22517264]
 [0.48992953 0.21950811 0.29056236]
 [0.4821563  0.20939195 0.30845175]
 [0.51359888 0.17880148 0.30759964]
 [0.27953912 0.43923481 0.28122607]
 [0.25151691 0.41078571 0.33769737]
 [0.36420361 0.29607467 0.33972172]
 [0.30704831 0.30760264 0.38534905]
 [0.31679516 0.32259791 0.36060693]
 [0.18495637 0.42276075 0.39228288]
 [0.26435838 0.33922344 0.39641819]
 [0.33978039 0.29624562 0.363974  ]
 [0.20910892 0.41325822 0.37763286]
 [0.31230135 0.2958467  0.39185196]]

alpha[0] = 0.360998853498175
alpha[1] = 0.32358955670220374
alpha[2] = 0.3154115897996213

mu[0] = [0.48924099 0.25067122]
mu[1] = [0.57349511 0.28069028]
mu[2] = [0.53308399 0.29605612]

sigma[0] = [[0.02568344 0.00418147]
 [0.00418147 0.01552403]]
sigma[1] = [[0.02159775 0.00306733]
 [0.00306733 0.01777202]]
sigma[2] = [[0.02454951 0.00524308]
 [0.00524308 0.01627877]]

##### iter = 3 #####

Y = [[0.2046254  0.3997219  0.39565271]
 [0.22450335 0.42099309 0.35450356]
 [0.31079991 0.38262044 0.30657965]
 [0.29990044 0.36407209 0.33602747]
 [0.36450784 0.34225889 0.29323327]
 [0.44869366 0.2367113  0.31459504]
 [0.42832597 0.2978108  0.27386323]
 [0.43646404 0.25978445 0.30375151]
 [0.33356707 0.45914116 0.20729177]
 [0.5523465  0.1398924  0.3077611 ]
 [0.61618651 0.13166933 0.25214416]
 [0.5365728  0.19676319 0.26666401]
 [0.33797344 0.41081256 0.251214  ]
 [0.32173476 0.41052998 0.26773526]
 [0.41305728 0.23139485 0.35554787]
 [0.37325155 0.4262344  0.20051406]
 [0.30987406 0.48903078 0.20109516]
 [0.49827409 0.2048142  0.29691171]
 [0.49178369 0.19446666 0.31374965]
 [0.52697053 0.16090476 0.31212471]
 [0.28080149 0.44790516 0.27129334]
 [0.25134585 0.40737324 0.34128091]
 [0.36452864 0.29414019 0.34133118]
 [0.30072444 0.31654687 0.38272869]
 [0.3135268  0.32471347 0.36175973]
 [0.17940566 0.41036744 0.4102269 ]
 [0.25463076 0.35125016 0.39411908]
 [0.33749125 0.29821247 0.36429628]
 [0.20490743 0.40502891 0.39006366]
 [0.30547047 0.30837486 0.38615467]]

alpha[0] = 0.3607415227546765
alpha[1] = 0.32411799963054305
alpha[2] = 0.31514047761478037

mu[0] = [0.48699128 0.25022412]
mu[1] = [0.57717162 0.2794393 ]
mu[2] = [0.53177443 0.29784325]

sigma[0] = [[0.02577173 0.00426126]
 [0.00426126 0.01531522]]
sigma[1] = [[0.02067587 0.00239144]
 [0.00239144 0.01801241]]
sigma[2] = [[0.02484846 0.00582904]
 [0.00582904 0.01617769]]

##### iter = 4 #####

Y = [[0.19911024 0.39295749 0.40793226]
 [0.22243066 0.41507727 0.36249207]
 [0.30820374 0.39082931 0.30096694]
 [0.2972823  0.36706362 0.33565407]
 [0.36405666 0.34762853 0.2883148 ]
 [0.45506448 0.22495242 0.3199831 ]
 [0.43168944 0.29689974 0.27141083]
 [0.44180532 0.25121176 0.30698292]
 [0.3195928  0.49822111 0.18218609]
 [0.56426774 0.12011719 0.31561507]
 [0.62739924 0.10608839 0.26651237]
 [0.54749503 0.17773237 0.2747726 ]
 [0.33206949 0.43279144 0.23513906]
 [0.31707056 0.42881567 0.25411377]
 [0.41744358 0.22443565 0.35812077]
 [0.36004484 0.46150058 0.17845458]
 [0.29411525 0.53287903 0.17300572]
 [0.50751858 0.18802997 0.30445145]
 [0.5007885  0.17770122 0.32151028]
 [0.53775873 0.14183232 0.32040894]
 [0.27635837 0.46662052 0.25702112]
 [0.248468   0.40832277 0.34320923]
 [0.3652188  0.29081961 0.34396159]
 [0.29666403 0.32052116 0.38281481]
 [0.31097144 0.32489906 0.3641295 ]
 [0.17420514 0.39504716 0.4307477 ]
 [0.24800724 0.35740882 0.39458395]
 [0.33620935 0.29714255 0.3666481 ]
 [0.20028099 0.39613513 0.40358389]
 [0.30140191 0.31486607 0.38373202]]

alpha[0] = 0.3600997485729689
alpha[1] = 0.3249515978282963
alpha[2] = 0.31494865359873475

mu[0] = [0.48426092 0.24988178]
mu[1] = [0.5820413  0.27739901]
mu[2] = [0.52966046 0.30029143]

sigma[0] = [[0.02573593 0.00437211]
 [0.00437211 0.01515731]]
sigma[1] = [[0.01965403 0.00167503]
 [0.00167503 0.01820624]]
sigma[2] = [[0.025182   0.00649012]
 [0.00649012 0.01603019]]

##### iter = 5 #####

Y = [[0.19365014 0.38442616 0.4219237 ]
 [0.21893602 0.41136617 0.36969782]
 [0.30395194 0.40291291 0.29313515]
 [0.29359197 0.37164467 0.33476336]
 [0.36296901 0.35528712 0.28174387]
 [0.46192849 0.21060933 0.32746218]
 [0.43642723 0.29599346 0.26757931]
 [0.44792021 0.24087762 0.31120217]
 [0.3014679  0.54582767 0.15270443]
 [0.57441118 0.09817895 0.32740987]
 [0.63831079 0.08042401 0.2812652 ]
 [0.56091963 0.15603368 0.28304669]
 [0.32362956 0.46157821 0.21479223]
 [0.30986303 0.453647   0.23648997]
 [0.42292123 0.21267312 0.36440565]
 [0.34500265 0.50306032 0.15193703]
 [0.27298828 0.58613195 0.14087977]
 [0.51748656 0.16860233 0.31391111]
 [0.50974948 0.15794708 0.33230344]
 [0.54754022 0.12008526 0.33237451]
 [0.26855244 0.49333858 0.23810898]
 [0.24409501 0.41209344 0.34381155]
 [0.36584901 0.28585    0.34830099]
 [0.29386717 0.32070906 0.38542378]
 [0.30837533 0.32348247 0.36814221]
 [0.16908441 0.3769611  0.45395449]
 [0.24281094 0.35999701 0.39719204]
 [0.33536583 0.29319486 0.37143931]
 [0.19531055 0.38617774 0.41851171]
 [0.29930091 0.31666277 0.38403632]]

alpha[0] = 0.35887590348565906
alpha[1] = 0.32619246851242145
alpha[2] = 0.3149316280019195

mu[0] = [0.48103934 0.24975868]
mu[1] = [0.58805694 0.27443783]
mu[2] = [0.52671801 0.30339308]

sigma[0] = [[0.02561556 0.00452203]
 [0.00452203 0.0150146 ]]
sigma[1] = [[0.01845502 0.0009365 ]
 [0.0009365  0.01839559]]
sigma[2] = [[0.02553815 0.00724757]
 [0.00724757 0.01581924]]

##### iter = 6 #####

Y = [[0.18796858 0.37413273 0.43789868]
 [0.21485698 0.40888387 0.37625916]
 [0.29800311 0.4193775  0.28261938]
 [0.28872562 0.37794138 0.333333  ]
 [0.36108005 0.36567503 0.27324492]
 [0.46940148 0.19286374 0.33773477]
 [0.44258643 0.29517396 0.26223961]
 [0.45498228 0.22809885 0.31691887]
 [0.27755114 0.60287057 0.11957829]
 [0.58266282 0.07440102 0.34293616]
 [0.6478302  0.05603838 0.29613143]
 [0.57670393 0.13175211 0.29154396]
 [0.31181691 0.49855698 0.18962612]
 [0.2997112  0.48609581 0.21419299]
 [0.4299861  0.19519504 0.37481886]
 [0.32550065 0.55306683 0.12143253]
 [0.24561439 0.64834211 0.10604349]
 [0.52814375 0.1460316  0.32582465]
 [0.51861019 0.13467352 0.3467163 ]
 [0.55615828 0.0956286  0.34821312]
 [0.25781604 0.5282541  0.21392986]
 [0.23864132 0.41843733 0.34292134]
 [0.36634119 0.27868869 0.35497012]
 [0.29203977 0.31717441 0.39078582]
 [0.30544082 0.32030769 0.3742515 ]
 [0.1638713  0.35580696 0.48032174]
 [0.2384201  0.3597229  0.40185701]
 [0.33479462 0.28595856 0.37924682]
 [0.18997496 0.37479522 0.43522981]
 [0.29907286 0.31382883 0.38709831]]

alpha[0] = 0.35681023555696767
alpha[1] = 0.32792581057654707
alpha[2] = 0.3152639538664853

mu[0] = [0.47725973 0.2499561 ]
mu[1] = [0.59518827 0.27044644]
mu[2] = [0.52294142 0.3071291 ]

sigma[0] = [[0.02540384 0.00472742]
 [0.00472742 0.01487176]]
sigma[1] = [[0.01703999 0.00021031]
 [0.00021031 0.01857818]]
sigma[2] = [[0.02589793 0.00810791]
 [0.00810791 0.01553876]]

##### iter = 7 #####

Y = [[0.18194188 0.36196906 0.45608906]
 [0.21059239 0.40754712 0.38186049]
 [0.29002075 0.44130936 0.26866989]
 [0.28251464 0.38634628 0.33113909]
 [0.35829019 0.37937037 0.26233944]
 [0.47761608 0.17091015 0.35147378]
 [0.45087228 0.29407606 0.25505166]
 [0.46348091 0.21195641 0.32456269]
 [0.24635106 0.66855015 0.08509879]
 [0.58768104 0.05048418 0.36183478]
 [0.65530678 0.03467733 0.3100159 ]
 [0.59517154 0.1051486  0.29967987]
 [0.2953171  0.54515031 0.15953259]
 [0.28564259 0.52765491 0.1867025 ]
 [0.43893812 0.17108013 0.38998176]
 [0.29936983 0.61180736 0.08882281]
 [0.21131862 0.71715918 0.0715222 ]
 [0.53935406 0.1201927  0.34045323]
 [0.52680047 0.10801315 0.36518638]
 [0.56246206 0.06961213 0.36792581]
 [0.24360067 0.57232576 0.18407357]
 [0.23217235 0.42785417 0.33997348]
 [0.36676661 0.26850466 0.36472873]
 [0.29133639 0.30912285 0.39954076]
 [0.30206828 0.31485731 0.38307441]
 [0.15849991 0.33129947 0.51020062]
 [0.23476669 0.35635414 0.40887917]
 [0.33455184 0.27451004 0.39093812]
 [0.18425768 0.361773   0.45396932]
 [0.3012023  0.30534782 0.39344988]]

alpha[0] = 0.3536088369010658
alpha[1] = 0.33016547173778665
alpha[2] = 0.31622569136114753

mu[0] = [0.47282765 0.25058347]
mu[1] = [0.60332067 0.26536901]
mu[2] = [0.5184324  0.31140982]

sigma[0] = [[0.02507076 0.00501162]
 [0.00501162 0.01472576]]
sigma[1] = [[ 0.01540891 -0.00044018]
 [-0.00044018  0.01871838]]
sigma[2] = [[0.02622424 0.00904488]
 [0.00904488 0.01519652]]

##### iter = 8 #####

Y = [[0.17563012 0.34804202 0.47632786]
 [0.20633148 0.40806636 0.38560215]
 [0.27940551 0.47012304 0.25047144]
 [0.27484624 0.39737052 0.32778323]
 [0.35451563 0.3969441  0.24854027]
 [0.486683   0.14425949 0.36905752]
 [0.46247628 0.29191634 0.24560738]
 [0.47421173 0.19141496 0.33437331]
 [0.20728362 0.73938496 0.05333143]
 [0.58758463 0.0292594  0.38315597]
 [0.66106608 0.01824429 0.32068963]
 [0.61671511 0.0774094  0.30587549]
 [0.27233476 0.60200792 0.12565732]
 [0.26612092 0.57951052 0.15436857]
 [0.4497373  0.13985975 0.41040295]
 [0.26495384 0.67728238 0.05776379]
 [0.17070615 0.78752961 0.04176424]
 [0.55076964 0.09186572 0.35736464]
 [0.5332453  0.07924629 0.38750842]
 [0.56465769 0.04453541 0.3908069 ]
 [0.22460574 0.62617969 0.14921457]
 [0.22455825 0.44146015 0.3339816 ]
 [0.36747701 0.25404238 0.3784806 ]
 [0.2923868  0.29474889 0.41286431]
 [0.29847326 0.30609878 0.39542796]
 [0.15305775 0.30374199 0.54320026]
 [0.23227978 0.34868548 0.41903474]
 [0.33500312 0.25729552 0.40770136]
 [0.1782431  0.34731435 0.47444255]
 [0.30677424 0.28891668 0.40430908]]

alpha[0] = 0.3490711356499032
alpha[1] = 0.33275854622796935
alpha[2] = 0.31817031812212737

mu[0] = [0.46764929 0.25174563]
mu[1] = [0.61219909 0.2592542 ]
mu[2] = [0.51348594 0.31603771]

sigma[0] = [[0.02457144 0.00540271]
 [0.00540271 0.01458651]]
sigma[1] = [[ 0.01361794 -0.00091975]
 [-0.00091975  0.0187517 ]]
sigma[2] = [[0.02645679 0.0099778 ]
 [0.0099778  0.01481875]]

##### iter = 9 #####

Y = [[0.16941106 0.33313042 0.49745853]
 [0.2018496  0.41223782 0.38591258]
 [0.26530673 0.50695025 0.22774302]
 [0.26588637 0.41133304 0.3227806 ]
 [0.34966846 0.41849887 0.23183267]
 [0.49671124 0.11347968 0.38980908]
 [0.47877138 0.28739964 0.23382898]
 [0.48826089 0.16573089 0.34600822]
 [0.1619686  0.80916707 0.02886432]
 [0.58103464 0.01368003 0.40528533]
 [0.66731473 0.00781583 0.32486943]
 [0.64145442 0.05113276 0.30741283]
 [0.2410816  0.66758113 0.09133728]
 [0.23931348 0.64115534 0.11953118]
 [0.46141752 0.10275503 0.43582746]
 [0.2220405  0.74514586 0.03281364]
 [0.12669094 0.85259079 0.02071827]
 [0.56193764 0.06336992 0.37469244]
 [0.53671244 0.05132086 0.4119667 ]
 [0.56117502 0.02385656 0.41496841]
 [0.19899237 0.68867793 0.1123297 ]
 [0.2153996  0.46092874 0.32367166]
 [0.3694328  0.23359811 0.39696909]
 [0.29644728 0.27092847 0.43262424]
 [0.29556783 0.29223555 0.41219662]
 [0.14789082 0.27485009 0.57725909]
 [0.23208154 0.3340411  0.43387736]
 [0.33706628 0.23212736 0.43080636]
 [0.17221828 0.33256898 0.49521275]
 [0.31743305 0.26062381 0.42194314]]

alpha[0] = 0.3433512366305977
alpha[1] = 0.33529706369009105
alpha[2] = 0.3213516996793114

mu[0] = [0.46166842 0.2534927 ]
mu[1] = [0.62147463 0.25227871]
mu[2] = [0.50860254 0.32075342]

sigma[0] = [[0.02385477 0.00592474]
 [0.00592474 0.01448125]]
sigma[1] = [[ 0.0117811  -0.00111356]
 [-0.00111356  0.01859937]]
sigma[2] = [[0.02651899 0.01076806]
 [0.01076806 0.01444025]]

##### iter = 10 #####

Y = [[0.16400399 0.31930017 0.51669584]
 [0.1956379  0.42345156 0.38091054]
 [0.24667919 0.55148698 0.20183383]
 [0.25623338 0.427743   0.31602362]
 [0.34355266 0.44289045 0.21355689]
 [0.50797519 0.08106057 0.41096424]
 [0.50041127 0.27885673 0.22073199]
 [0.50671478 0.13525389 0.35803133]
 [0.11501788 0.87115185 0.01383027]
 [0.56857415 0.00487397 0.42655188]
 [0.67833505 0.00267225 0.31899269]
 [0.6690201  0.02971132 0.30126858]
 [0.20119424 0.73715763 0.06164814]
 [0.20414953 0.70894877 0.0869017 ]
 [0.47135029 0.06421304 0.46443667]
 [0.17299018 0.8103409  0.01666892]
 [0.08442196 0.90655446 0.00902357]
 [0.57293967 0.03839281 0.38866752]
 [0.53703391 0.02826356 0.43470252]
 [0.55233641 0.01019268 0.43747091]
 [0.16533416 0.75585539 0.07881045]
 [0.20359812 0.48826455 0.30813734]
 [0.37454204 0.20532182 0.42013614]
 [0.30541398 0.23330672 0.46127929]
 [0.29543868 0.27049219 0.43406913]
 [0.14357185 0.2486541  0.60777405]
 [0.23627072 0.30756266 0.45616663]
 [0.34242189 0.19668363 0.46089448]
 [0.16656073 0.32039326 0.51304601]
 [0.33479352 0.21546443 0.44974205]]

alpha[0] = 0.3372172477398637
alpha[1] = 0.337150511604328
alpha[2] = 0.32563224065580826

mu[0] = [0.45489598 0.25573872]
mu[1] = [0.63091323 0.24470631]
mu[2] = [0.50431691 0.32539049]

sigma[0] = [[0.02287378 0.00657667]
 [0.00657667 0.01445177]]
sigma[1] = [[ 0.01002104 -0.00091005]
 [-0.00091005  0.01820115]]
sigma[2] = [[0.02633737 0.01126326]
 [0.01126326 0.0140718 ]]

##### iter = 11 #####

Y = [[1.59886220e-01 3.10252743e-01 5.29861036e-01]
 [1.83511884e-01 4.47514370e-01 3.68973747e-01]
 [2.22573396e-01 6.01301518e-01 1.76125086e-01]
 [2.46722159e-01 4.44539742e-01 3.08738099e-01]
 [3.35923807e-01 4.67218240e-01 1.96857953e-01]
 [5.21315287e-01 5.09606144e-02 4.27724098e-01]
 [5.26466741e-01 2.64744069e-01 2.08789190e-01]
 [5.30211553e-01 1.01810991e-01 3.67977456e-01]
 [7.26484777e-02 9.20951705e-01 6.39981699e-03]
 [5.52626096e-01 1.24632809e-03 4.46127576e-01]
 [6.98787432e-01 7.43724126e-04 3.00468844e-01]
 [6.98934373e-01 1.51680062e-02 2.85897621e-01]
 [1.55277048e-01 8.04486202e-01 4.02367504e-02]
 [1.61933768e-01 7.76928275e-01 6.11379568e-02]
 [4.75717423e-01 3.13964538e-02 4.92886123e-01]
 [1.22599477e-01 8.69209762e-01 8.19076160e-03]
 [4.93105900e-02 9.46858023e-01 3.83138662e-03]
 [5.85377673e-01 1.99823377e-02 3.94639990e-01]
 [5.36554869e-01 1.27418112e-02 4.50703319e-01]
 [5.41263431e-01 3.30496315e-03 4.55431606e-01]
 [1.24515726e-01 8.22117421e-01 5.33668534e-02]
 [1.86678096e-01 5.25692620e-01 2.87629284e-01]
 [3.85568334e-01 1.67669185e-01 4.46762481e-01]
 [3.21226465e-01 1.78007105e-01 5.00766430e-01]
 [3.01423134e-01 2.36910203e-01 4.61666664e-01]
 [1.40209593e-01 2.31735414e-01 6.28054993e-01]
 [2.47967896e-01 2.62098405e-01 4.89933699e-01]
 [3.53247896e-01 1.49738991e-01 4.97013113e-01]
 [1.60933767e-01 3.15942916e-01 5.23123317e-01]
 [3.58687365e-01 1.50991757e-01 4.90320878e-01]]

alpha[0] = 0.3319366658660275
alpha[1] = 0.3377421298059948
alpha[2] = 0.33032120432797785

mu[0] = [0.44738576 0.25816893]
mu[1] = [0.6406482  0.23689524]
mu[2] = [0.5008934  0.32996599]

sigma[0] = [[0.02158269 0.00730126]
 [0.00730126 0.01453092]]
sigma[1] = [[ 0.0083859  -0.00022205]
 [-0.00022205  0.01755368]]
sigma[2] = [[0.02585939 0.01137283]
 [0.01137283 0.013681  ]]

##### iter = 12 #####

Y = [[1.55863988e-01 3.10932020e-01 5.33203992e-01]
 [1.58575740e-01 4.93920101e-01 3.47504158e-01]
 [1.92525477e-01 6.53503416e-01 1.53971107e-01]
 [2.37981819e-01 4.57875966e-01 3.04142215e-01]
 [3.27461600e-01 4.86927085e-01 1.85611315e-01]
 [5.38345809e-01 2.63059088e-02 4.35348282e-01]
 [5.56477539e-01 2.42550720e-01 2.00971741e-01]
 [5.59223005e-01 6.73522129e-02 3.73424782e-01]
 [3.97699824e-02 9.57071680e-01 3.15833811e-03]
 [5.35727546e-01 1.95355930e-04 4.64077098e-01]
 [7.31040262e-01 1.66949739e-04 2.68792788e-01]
 [7.31503493e-01 6.67358937e-03 2.61822917e-01]
 [1.08426544e-01 8.64856409e-01 2.67170463e-02]
 [1.16612559e-01 8.40074739e-01 4.33127020e-02]
 [4.72218732e-01 1.01702519e-02 5.17611016e-01]
 [7.67535690e-02 9.19017097e-01 4.22933416e-03]
 [2.45396014e-02 9.73668851e-01 1.79154726e-03]
 [6.02308824e-01 8.42591472e-03 3.89265261e-01]
 [5.39528053e-01 4.28633233e-03 4.56185615e-01]
 [5.32173904e-01 7.15361004e-04 4.67110735e-01]
 [8.11300622e-02 8.82416235e-01 3.64537031e-02]
 [1.60767598e-01 5.76694288e-01 2.62538113e-01]
 [4.05311556e-01 1.19553233e-01 4.75135211e-01]
 [3.44022976e-01 1.06906645e-01 5.49070380e-01]
 [3.17348729e-01 1.86178160e-01 4.96473111e-01]
 [1.35746171e-01 2.32782278e-01 6.31471551e-01]
 [2.70488396e-01 1.90595034e-01 5.38916570e-01]
 [3.70961150e-01 9.32569087e-02 5.35781941e-01]
 [1.52726531e-01 3.26908966e-01 5.20364503e-01]
 [3.84285486e-01 7.62242176e-02 5.39490297e-01]]

alpha[0] = 0.32866155669877334
alpha[1] = 0.33720686421959895
alpha[2] = 0.3341315790816279

mu[0] = [0.43913995 0.26012075]
mu[1] = [0.65109681 0.22965954]
mu[2] = [0.49815885 0.33449558]

sigma[0] = [[0.01991193 0.00795712]
 [0.00795712 0.01470369]]
sigma[1] = [[0.00683261 0.00097046]
 [0.00097046 0.01676646]]
sigma[2] = [[0.02505994 0.01110941]
 [0.01110941 0.01322379]]

##### iter = 13 #####

Y = [[1.47745225e-01 3.26556093e-01 5.25698682e-01]
 [1.15770545e-01 5.74513172e-01 3.09716283e-01]
 [1.56801325e-01 7.07013015e-01 1.36185660e-01]
 [2.30708322e-01 4.61301638e-01 3.07990040e-01]
 [3.22742662e-01 4.93179306e-01 1.84078032e-01]
 [5.60414923e-01 8.87349376e-03 4.30711583e-01]
 [5.97506851e-01 2.02314974e-01 2.00178175e-01]
 [5.94274959e-01 3.33544137e-02 3.72370627e-01]
 [1.82161804e-02 9.80072314e-01 1.71150548e-03]
 [5.19306500e-01 1.05731924e-05 4.80682927e-01]
 [7.73523017e-01 2.22055048e-05 2.26454778e-01]
 [7.67602615e-01 2.07985186e-03 2.30317533e-01]
 [6.63328098e-02 9.15422161e-01 1.82450295e-02]
 [7.34823692e-02 8.95414219e-01 3.11034119e-02]
 [4.62684440e-01 1.41441052e-03 5.35901150e-01]
 [4.10430838e-02 9.56630340e-01 2.32657607e-03]
 [1.00771372e-02 9.88951491e-01 9.71371612e-04]
 [6.26438761e-01 2.23573142e-03 3.71325507e-01]
 [5.49579937e-01 7.67928719e-04 4.49652134e-01]
 [5.28000055e-01 6.45825050e-05 4.71935362e-01]
 [4.29133012e-02 9.31773050e-01 2.53136490e-02]
 [1.22652439e-01 6.46783614e-01 2.30563947e-01]
 [4.34434709e-01 6.30340687e-02 5.02531222e-01]
 [3.68362250e-01 3.82320919e-02 5.93405658e-01]
 [3.45408809e-01 1.14563056e-01 5.40028135e-01]
 [1.24143128e-01 2.63712333e-01 6.12144538e-01]
 [3.03521578e-01 9.70661527e-02 5.99412270e-01]
 [3.93329417e-01 3.76433054e-02 5.69027277e-01]
 [1.36043405e-01 3.64011111e-01 4.99945484e-01]
 [4.01017158e-01 1.91904720e-02 5.79792370e-01]]

alpha[0] = 0.3278025971037909
alpha[1] = 0.33754003898360607
alpha[2] = 0.33465736391260315

mu[0] = [0.43012163 0.2604424 ]
mu[1] = [0.66213265 0.22520576]
mu[2] = [0.49555779 0.33858613]

sigma[0] = [[0.01777858 0.00830957]
 [0.00830957 0.01486904]]
sigma[1] = [[0.00537308 0.00245529]
 [0.00245529 0.01621165]]
sigma[2] = [[0.02395564 0.01057439]
 [0.01057439 0.01269309]]

##### iter = 14 #####

Y = [[1.29182351e-01 3.60551983e-01 5.10265666e-01]
 [6.28823841e-02 6.88779018e-01 2.48338598e-01]
 [1.18342961e-01 7.59302555e-01 1.22354484e-01]
 [2.27834820e-01 4.39967047e-01 3.32198133e-01]
 [3.37253508e-01 4.61018943e-01 2.01727549e-01]
 [5.86978672e-01 1.06108550e-03 4.11960243e-01]
 [6.66904613e-01 1.24216431e-01 2.08878957e-01]
 [6.31499419e-01 7.90425274e-03 3.60596328e-01]
 [6.81963159e-03 9.92205485e-01 9.74883586e-04]
 [5.03718396e-01 4.21879767e-08 4.96281562e-01]
 [8.20133002e-01 5.84856985e-07 1.79866413e-01]
 [8.06525844e-01 2.34152141e-04 1.93240004e-01]
 [3.45096218e-02 9.53069400e-01 1.24209782e-02]
 [3.88411359e-02 9.39234678e-01 2.19241865e-02]
 [4.53470257e-01 3.02111319e-05 5.46499532e-01]
 [1.87187915e-02 9.79970785e-01 1.31042325e-03]
 [3.39884640e-03 9.96000177e-01 6.00976705e-04]
 [6.58369177e-01 1.79026647e-04 3.41451796e-01]
 [5.68461689e-01 2.92443589e-05 4.31509066e-01]
 [5.29796736e-01 6.81856751e-07 4.70202582e-01]
 [1.73983749e-02 9.65113477e-01 1.74881485e-02]
 [7.58146224e-02 7.36496598e-01 1.87688779e-01]
 [4.65022018e-01 1.63436896e-02 5.18634292e-01]
 [3.83734220e-01 4.51880450e-03 6.11746975e-01]
 [3.77918043e-01 3.97257197e-02 5.82356237e-01]
 [9.69944624e-02 3.42006279e-01 5.60999259e-01]
 [3.33451782e-01 2.24155180e-02 6.44132700e-01]
 [4.12152799e-01 5.83469178e-03 5.82012509e-01]
 [1.04523161e-01 4.39514911e-01 4.55961928e-01]
 [4.04261071e-01 1.13796717e-03 5.94600962e-01]]

alpha[0] = 0.3291637470221906
alpha[1] = 0.3425621145780392
alpha[2] = 0.32827413839977015

mu[0] = [0.42079076 0.25784138]
mu[1] = [0.67208684 0.22719584]
mu[2] = [0.4922495  0.34117607]

sigma[0] = [[0.01526253 0.00808491]
 [0.00808491 0.01483607]]
sigma[1] = [[0.00425929 0.00362045]
 [0.00362045 0.01654171]]
sigma[2] = [[0.02262175 0.00987869]
 [0.00987869 0.01214257]]

##### iter = 15 #####

Y = [[9.64714987e-02 4.18444754e-01 4.85083747e-01]
 [2.39401851e-02 7.97293944e-01 1.78765871e-01]
 [8.53146873e-02 7.99541191e-01 1.15144121e-01]
 [2.29365625e-01 3.82183813e-01 3.88450561e-01]
 [3.89604560e-01 3.58292001e-01 2.52103439e-01]
 [6.18007487e-01 2.69551831e-05 3.81965558e-01]
 [7.44185623e-01 3.94808963e-02 2.16333480e-01]
 [6.63733704e-01 5.87662871e-04 3.35678633e-01]
 [2.33706569e-03 9.97066476e-01 5.96457814e-04]
 [4.89640980e-01 3.75904806e-12 5.10359020e-01]
 [8.60826086e-01 9.03501516e-10 1.39173913e-01]
 [8.44161856e-01 4.43855624e-06 1.55833706e-01]
 [1.66131765e-02 9.74615962e-01 8.77086186e-03]
 [1.82640457e-02 9.66123986e-01 1.56119679e-02]
 [4.51896672e-01 5.32957780e-08 5.48103275e-01]
 [8.62187248e-03 9.90561831e-01 8.16296563e-04]
 [1.06052411e-03 9.98507920e-01 4.31555734e-04]
 [6.96037841e-01 2.18218258e-06 3.03959977e-01]
 [5.95671619e-01 1.11671705e-07 4.04328269e-01]
 [5.37327595e-01 3.09394167e-10 4.62672405e-01]
 [5.78343330e-03 9.81654285e-01 1.25622816e-02]
 [3.62494614e-02 8.23582644e-01 1.40167895e-01]
 [4.85313748e-01 1.57343455e-03 5.13112818e-01]
 [3.92331200e-01 1.41884460e-04 6.07526915e-01]
 [3.94321670e-01 6.38447242e-03 5.99293857e-01]
 [5.62530979e-02 4.77661314e-01 4.66085588e-01]
 [3.44588043e-01 2.06461274e-03 6.53347344e-01]
 [4.25524180e-01 2.66628141e-04 5.74209192e-01]
 [6.24519212e-02 5.53654241e-01 3.83893837e-01]
 [4.06650717e-01 1.20368388e-05 5.93337246e-01]]

alpha[0] = 0.3327516725384628
alpha[1] = 0.35232432446276024
alpha[2] = 0.31492400299877693

mu[0] = [0.41283509 0.25313259]
mu[1] = [0.67941724 0.23538547]
mu[2] = [0.487694   0.34147185]

sigma[0] = [[0.01289712 0.00730394]
 [0.00730394 0.01449912]]
sigma[1] = [[0.00365235 0.00417987]
 [0.00417987 0.01779092]]
sigma[2] = [[0.02109363 0.0089856 ]
 [0.0089856  0.01161297]]

##### iter = 16 #####

Y = [[5.92046425e-02 5.11789464e-01 4.29005894e-01]
 [7.94424711e-03 8.63141201e-01 1.28914552e-01]
 [6.28969281e-02 8.21690512e-01 1.15412560e-01]
 [2.19111720e-01 3.31842668e-01 4.49045612e-01]
 [4.41885567e-01 2.44442754e-01 3.13671679e-01]
 [6.50074812e-01 6.85423356e-07 3.49924502e-01]
 [7.79278422e-01 9.44404353e-03 2.11277535e-01]
 [6.91512574e-01 3.99480919e-05 3.08447478e-01]
 [1.00850796e-03 9.98523126e-01 4.68365693e-04]
 [4.82918323e-01 4.37335960e-16 5.17081677e-01]
 [8.88473474e-01 9.33109650e-13 1.11526526e-01]
 [8.73466522e-01 6.12598279e-08 1.26533417e-01]
 [9.46376488e-03 9.83021193e-01 7.51504176e-03]
 [9.66502613e-03 9.77374140e-01 1.29608335e-02]
 [4.59669971e-01 1.47266862e-10 5.40330029e-01]
 [5.48706424e-03 9.93803173e-01 7.09762625e-04]
 [3.97177052e-04 9.99219774e-01 3.83049070e-04]
 [7.32116876e-01 2.40897745e-08 2.67883100e-01]
 [6.26405917e-01 4.56467214e-10 3.73594082e-01]
 [5.50997968e-01 1.68484540e-13 4.49002032e-01]
 [2.05534806e-03 9.87566434e-01 1.03782175e-02]
 [1.57297089e-02 8.79798142e-01 1.04472149e-01]
 [4.99547609e-01 1.69157911e-04 5.00283233e-01]
 [3.99245173e-01 7.00546495e-06 6.00747822e-01]
 [3.95977609e-01 1.23279761e-03 6.02789594e-01]
 [2.41755398e-02 6.34822822e-01 3.41001639e-01]
 [3.42667460e-01 2.94371124e-04 6.57038169e-01]
 [4.37634035e-01 1.63187941e-05 5.62349646e-01]
 [2.96669312e-02 6.75748774e-01 2.94584295e-01]
 [4.11767428e-01 2.27129989e-07 5.88232345e-01]]

alpha[0] = 0.337014878209486
alpha[1] = 0.3637996272753309
alpha[2] = 0.29918549451518317

mu[0] = [0.40728866 0.24928856]
mu[1] = [0.68402849 0.24455009]
mu[2] = [0.48204772 0.33998578]

sigma[0] = [[0.01129859 0.00653105]
 [0.00653105 0.0140854 ]]
sigma[1] = [[0.00337129 0.00448513]
 [0.00448513 0.01912406]]
sigma[2] = [[0.01935427 0.00787764]
 [0.00787764 0.01111542]]

##### iter = 17 #####

Y = [[3.55974665e-02 6.13281373e-01 3.51121161e-01]
 [3.14819460e-03 9.01342223e-01 9.55095823e-02]
 [4.88184631e-02 8.33751891e-01 1.17429646e-01]
 [2.01145819e-01 3.10692808e-01 4.88161373e-01]
 [4.59289945e-01 1.78518893e-01 3.62191163e-01]
 [6.74488824e-01 5.92217936e-08 3.25511117e-01]
 [7.86696623e-01 3.27526022e-03 2.10028117e-01]
 [7.09672655e-01 6.42631290e-06 2.90320919e-01]
 [5.92202629e-04 9.98924388e-01 4.83409503e-04]
 [4.89778083e-01 1.16368903e-18 5.10221917e-01]
 [9.06393057e-01 7.95605969e-15 9.36069434e-02]
 [8.90999043e-01 3.04477618e-09 1.09000953e-01]
 [6.58762937e-03 9.85759237e-01 7.65313383e-03]
 [6.21394144e-03 9.81326763e-01 1.24592954e-02]
 [4.70044789e-01 3.50754362e-12 5.29955211e-01]
 [4.46857939e-03 9.94707259e-01 8.24161819e-04]
 [2.02880321e-04 9.99374395e-01 4.22724915e-04]
 [7.58784168e-01 1.13524736e-09 2.41215831e-01]
 [6.53794669e-01 1.19345430e-11 3.46205330e-01]
 [5.70419982e-01 1.20726769e-15 4.29580018e-01]
 [9.45853334e-04 9.89390445e-01 9.66370118e-03]
 [7.80708468e-03 9.11278437e-01 8.09144785e-02]
 [5.08842234e-01 4.10358362e-05 4.91116730e-01]
 [4.02399337e-01 1.17824331e-06 5.97599485e-01]
 [3.93714304e-01 4.65757751e-04 6.05819938e-01]
 [1.04589634e-02 7.60502682e-01 2.29038354e-01]
 [3.36249053e-01 1.02354684e-04 6.63648592e-01]
 [4.46327120e-01 2.94250325e-06 5.53669938e-01]
 [1.44943866e-02 7.71736160e-01 2.13769453e-01]
 [4.13576431e-01 2.10071262e-08 5.86423548e-01]]

alpha[0] = 0.3403983926845584
alpha[1] = 0.37448273312506114
alpha[2] = 0.28511887419038057

mu[0] = [0.40368527 0.24722326]
mu[1] = [0.68658631 0.25170766]
mu[2] = [0.47630939 0.33770276]

sigma[0] = [[0.0104992  0.00610934]
 [0.00610934 0.0138148 ]]
sigma[1] = [[0.00323691 0.00464766]
 [0.00464766 0.02003097]]
sigma[2] = [[0.01752734 0.0067538 ]
 [0.0067538  0.01074263]]

##### iter = 18 #####

Y = [[2.52715681e-02 6.98610464e-01 2.76117968e-01]
 [1.75802435e-03 9.27659135e-01 7.05828409e-02]
 [4.06121194e-02 8.42364298e-01 1.17023583e-01]
 [1.88020965e-01 3.09247507e-01 5.02731529e-01]
 [4.53040952e-01 1.48293020e-01 3.98666028e-01]
 [6.87566518e-01 1.51331375e-08 3.12433467e-01]
 [7.78239051e-01 1.78166627e-03 2.19979282e-01]
 [7.15580466e-01 2.30907246e-06 2.84417225e-01]
 [4.22487557e-04 9.99007303e-01 5.70209284e-04]
 [5.09557647e-01 4.33738971e-20 4.90442353e-01]
 [9.19245287e-01 5.09955209e-16 8.07547129e-02]
 [8.98769527e-01 5.41632887e-10 1.01230472e-01]
 [5.19197484e-03 9.86493818e-01 8.31420710e-03]
 [4.65728711e-03 9.82690868e-01 1.26518448e-02]
 [4.76946646e-01 4.58906330e-13 5.23053354e-01]
 [3.90431080e-03 9.95010660e-01 1.08502924e-03]
 [1.32169140e-04 9.99356331e-01 5.11499519e-04]
 [7.74200853e-01 2.02250618e-10 2.25799147e-01]
 [6.73929564e-01 1.56167968e-12 3.26070436e-01]
 [5.92727944e-01 7.73985423e-17 4.07272056e-01]
 [5.79131805e-04 9.90195491e-01 9.22537676e-03]
 [4.96142954e-03 9.31094151e-01 6.39444199e-02]
 [5.12897960e-01 1.92959897e-05 4.87082744e-01]
 [4.02778628e-01 4.72199153e-07 5.97220900e-01]
 [3.93167453e-01 2.87744555e-04 6.06544802e-01]
 [5.99016508e-03 8.43452363e-01 1.50557472e-01]
 [3.33130998e-01 6.26724904e-05 6.66806330e-01]
 [4.51209948e-01 1.20032471e-06 5.48788852e-01]
 [9.01437017e-03 8.37881337e-01 1.53104293e-01]
 [4.10432126e-01 6.04976707e-09 5.89567867e-01]]

alpha[0] = 0.3424645857243488
alpha[1] = 0.3831170709430129
alpha[2] = 0.2744183433326383

mu[0] = [0.40121694 0.24639624]
mu[1] = [0.68793624 0.2566142 ]
mu[2] = [0.47143577 0.33527181]

sigma[0] = [[0.01017843 0.00594882]
 [0.00594882 0.0136748 ]]
sigma[1] = [[0.00317127 0.00472096]
 [0.00472096 0.02054611]]
sigma[2] = [[0.01581697 0.00578674]
 [0.00578674 0.01053945]]

##### iter = 19 #####

Y = [[2.11524937e-02 7.63895853e-01 2.14951653e-01]
 [1.29874045e-03 9.47324199e-01 5.13770610e-02]
 [3.60172595e-02 8.49863383e-01 1.14119357e-01]
 [1.81305980e-01 3.18290457e-01 5.00403563e-01]
 [4.37546023e-01 1.35598408e-01 4.26855569e-01]
 [6.91515955e-01 7.84552585e-09 3.08484037e-01]
 [7.59851231e-01 1.32241577e-03 2.38826353e-01]
 [7.12127097e-01 1.40884166e-06 2.87871494e-01]
 [3.40213534e-04 9.98967944e-01 6.91842884e-04]
 [5.38223115e-01 8.96263009e-21 4.61776885e-01]
 [9.28498082e-01 1.27216693e-16 7.15019183e-02]
 [9.00071955e-01 2.28861126e-10 9.99280446e-02]
 [4.44087122e-03 9.86460649e-01 9.09847960e-03]
 [3.89345738e-03 9.83175610e-01 1.29309322e-02]
 [4.81073586e-01 1.76510521e-13 5.18926414e-01]
 [3.49191179e-03 9.95041896e-01 1.46619268e-03]
 [1.01309494e-04 9.99285499e-01 6.13191497e-04]
 [7.80972754e-01 8.68914136e-11 2.19027245e-01]
 [6.87439519e-01 5.83801881e-13 3.12560481e-01]
 [6.15687741e-01 2.05937444e-17 3.84312259e-01]
 [4.38792659e-04 9.90990502e-01 8.57070566e-03]
 [3.87079106e-03 9.45158715e-01 5.09704935e-02]
 [5.12814150e-01 1.37131482e-05 4.87172137e-01]
 [4.01912010e-01 3.17875099e-07 5.98087672e-01]
 [3.94581155e-01 2.37669906e-04 6.05181175e-01]
 [4.47287471e-03 8.95484921e-01 1.00042205e-01]
 [3.34086776e-01 5.26244406e-05 6.65860600e-01]
 [4.53207505e-01 8.06361226e-07 5.46791688e-01]
 [7.00843100e-03 8.82439190e-01 1.10552379e-01]
 [4.04871687e-01 3.46394627e-09 5.95128309e-01]]

alpha[0] = 0.34341044893848693
alpha[1] = 0.3897868730946745
alpha[2] = 0.2668026779668386

mu[0] = [0.39928983 0.24624262]
mu[1] = [0.68864325 0.25990785]
mu[2] = [0.46771995 0.33293911]

sigma[0] = [[0.01007757 0.00590703]
 [0.00590703 0.01360315]]
sigma[1] = [[0.00313953 0.0047493 ]
 [0.0047493  0.02082431]]
sigma[2] = [[0.01432512 0.00502148]
 [0.00502148 0.01048181]]

##### iter = 20 #####

Y = [[1.93799455e-02 8.12456944e-01 1.68163110e-01]
 [1.11543583e-03 9.61927358e-01 3.69572058e-02]
 [3.31923842e-02 8.57131495e-01 1.09676120e-01]
 [1.77992701e-01 3.32340666e-01 4.89666633e-01]
 [4.19351970e-01 1.30928371e-01 4.49719659e-01]
 [6.89889375e-01 5.98041233e-09 3.10110619e-01]
 [7.35713559e-01 1.16427888e-03 2.63122162e-01]
 [7.03003838e-01 1.14759718e-06 2.96995014e-01]
 [2.93877941e-04 9.98882865e-01 8.23256930e-04]
 [5.72106084e-01 4.71828816e-21 4.27893916e-01]
 [9.35010363e-01 6.81740240e-17 6.49896374e-02]
 [8.97468979e-01 1.56953352e-10 1.02531020e-01]
 [3.98218648e-03 9.86205974e-01 9.81183946e-03]
 [3.46445379e-03 9.83469513e-01 1.30660327e-02]
 [4.84971035e-01 1.21200708e-13 5.15028965e-01]
 [3.16878908e-03 9.94885566e-01 1.94564509e-03]
 [8.53041716e-05 9.99213291e-01 7.01405208e-04]
 [7.82459451e-01 6.06437987e-11 2.17540549e-01]
 [6.96747792e-01 3.87429851e-13 3.03252208e-01]
 [6.38597515e-01 1.19237446e-17 3.61402485e-01]
 [3.74133284e-04 9.91953367e-01 7.67250015e-03]
 [3.38401224e-03 9.55795111e-01 4.08208763e-02]
 [5.09810474e-01 1.21197727e-05 4.90177407e-01]
 [4.00470236e-01 2.79523566e-07 5.99529485e-01]
 [3.96247677e-01 2.27417260e-04 6.03524906e-01]
 [3.86996103e-03 9.28221932e-01 6.79081071e-02]
 [3.36736745e-01 5.15401147e-05 6.63211715e-01]
 [4.53209989e-01 7.02835132e-07 5.46789308e-01]
 [6.16739546e-03 9.12777648e-01 8.10549569e-02]
 [3.99176346e-01 2.83803555e-09 6.00823651e-01]]

alpha[0] = 0.343581400284809
alpha[1] = 0.394921586560768
alpha[2] = 0.2614970131544232

mu[0] = [0.39756569 0.24642716]
mu[1] = [0.68900331 0.26214918]
mu[2] = [0.46514824 0.3308024 ]

sigma[0] = [[0.01006638 0.00590895]
 [0.00590895 0.01356178]]
sigma[1] = [[0.00312469 0.00475568]
 [0.00475568 0.02097065]]
sigma[2] = [[0.01306222 0.00443282]
 [0.00443282 0.01052465]]

##### iter = 21 #####

Y = [[1.84347263e-02 8.48300162e-01 1.33265112e-01]
 [1.02239116e-03 9.72430243e-01 2.65473661e-02]
 [3.11197460e-02 8.64277330e-01 1.04602924e-01]
 [1.75627413e-01 3.48459310e-01 4.75913278e-01]
 [4.00477248e-01 1.30075083e-01 4.69447669e-01]
 [6.85383339e-01 5.53721701e-09 3.14616656e-01]
 [7.08354725e-01 1.11727089e-03 2.90528004e-01]
 [6.90818181e-01 1.08161032e-06 3.09180737e-01]
 [2.62780445e-04 9.98788461e-01 9.48758787e-04]
 [6.09020864e-01 3.98084091e-21 3.90979136e-01]
 [9.39864256e-01 5.43698136e-17 6.01357444e-02]
 [8.92740119e-01 1.38207661e-10 1.07259881e-01]
 [3.65102042e-03 9.85962306e-01 1.03866734e-02]
 [3.17379712e-03 9.83803873e-01 1.30223302e-02]
 [4.90119656e-01 1.11129058e-13 5.09880344e-01]
 [2.89693802e-03 9.94601434e-01 2.50162801e-03]
 [7.51730954e-05 9.99160981e-01 7.63845998e-04]
 [7.81265257e-01 5.42004215e-11 2.18734743e-01]
 [7.04064446e-01 3.43801022e-13 2.95935554e-01]
 [6.61646543e-01 1.02283374e-17 3.38353457e-01]
 [3.36544456e-04 9.92987969e-01 6.67548615e-03]
 [3.11372382e-03 9.63974854e-01 3.29114220e-02]
 [5.04793697e-01 1.19181641e-05 4.95194385e-01]
 [3.98625381e-01 2.79184606e-07 6.01374340e-01]
 [3.96966031e-01 2.33044957e-04 6.02800924e-01]
 [3.57440778e-03 9.49098808e-01 4.73267839e-02]
 [3.39252266e-01 5.40383196e-05 6.60693696e-01]
 [4.51819940e-01 6.94803497e-07 5.48179365e-01]
 [5.73192007e-03 9.33678274e-01 6.05898063e-02]
 [3.94246443e-01 2.76565592e-09 6.05753554e-01]]

alpha[0] = 0.3432826324604646
alpha[1] = 0.39890058079775587
alpha[2] = 0.2578167867417796

mu[0] = [0.39585976 0.24675992]
mu[1] = [0.68916577 0.26369928]
mu[2] = [0.46363516 0.32892275]

sigma[0] = [[0.01008569 0.00592288]
 [0.00592288 0.01353116]]
sigma[1] = [[0.0031187  0.00475126]
 [0.00475126 0.02104317]]
sigma[2] = [[0.01200181 0.0039778 ]
 [0.0039778  0.0106277 ]]

##### iter = 22 #####

Y = [[1.77226112e-02 8.74749008e-01 1.07528381e-01]
 [9.56761952e-04 9.79781720e-01 1.92615185e-02]
 [2.93037330e-02 8.71068356e-01 9.96279107e-02]
 [1.72789264e-01 3.64997009e-01 4.62213727e-01]
 [3.81212340e-01 1.31148091e-01 4.87639569e-01]
 [6.79810048e-01 5.65313965e-09 3.20189946e-01]
 [6.79259557e-01 1.11976442e-03 3.19620678e-01]
 [6.77249155e-01 1.09707299e-06 3.22749748e-01]
 [2.37810858e-04 9.98699409e-01 1.06277990e-03]
 [6.47788970e-01 4.25076397e-21 3.52211030e-01]
 [9.44052168e-01 5.32784526e-17 5.59478317e-02]
 [8.87228489e-01 1.38400787e-10 1.12771510e-01]
 [3.36972717e-03 9.85791751e-01 1.08385215e-02]
 [2.93536888e-03 9.84202131e-01 1.28625004e-02]
 [4.97117189e-01 1.17614787e-13 5.02882811e-01]
 [2.64924492e-03 9.94233082e-01 3.11767285e-03]
 [6.72789546e-05 9.99131231e-01 8.01489964e-04]
 [7.79260184e-01 5.49274582e-11 2.20739816e-01]
 [7.11043167e-01 3.53220069e-13 2.88956833e-01]
 [6.85308449e-01 1.06897470e-17 3.14691551e-01]
 [3.08054837e-04 9.93966661e-01 5.72528424e-03]
 [2.91642272e-03 9.70237915e-01 2.68456625e-02]
 [4.98356075e-01 1.23394592e-05 5.01631585e-01]
 [3.96359047e-01 2.95833320e-07 6.03640657e-01]
 [3.96130225e-01 2.46185633e-04 6.03623590e-01]
 [3.37924061e-03 9.62638249e-01 3.39825103e-02]
 [3.40638366e-01 5.82463242e-05 6.59303388e-01]
 [4.49404753e-01 7.29114199e-07 5.50594518e-01]
 [5.42851045e-03 9.48222573e-01 4.63489161e-02]
 [3.90203602e-01 2.92737121e-09 6.09796395e-01]]

alpha[0] = 0.3427495271348226
alpha[1] = 0.40201019512251523
alpha[2] = 0.25524027774266217

mu[0] = [0.39406498 0.24712387]
mu[1] = [0.68921316 0.26478816]
mu[2] = [0.46308143 0.32734203]

sigma[0] = [[0.01010646 0.00593522]
 [0.00593522 0.01350068]]
sigma[1] = [[0.00311762 0.00474185]
 [0.00474185 0.02107412]]
sigma[2] = [[0.01110476 0.00361464]
 [0.00361464 0.01076082]]

##### iter = 23 #####

Y = [[1.69889259e-02 8.94466004e-01 8.85450699e-02]
 [8.93005177e-04 9.84879227e-01 1.42277681e-02]
 [2.74998401e-02 8.77241954e-01 9.52582063e-02]
 [1.68699833e-01 3.80955732e-01 4.50344435e-01]
 [3.61264052e-01 1.33156240e-01 5.05579708e-01]
 [6.74386051e-01 6.05799461e-09 3.25613943e-01]
 [6.49249549e-01 1.14690904e-03 3.49603542e-01]
 [6.63366678e-01 1.15412238e-06 3.36632168e-01]
 [2.14667083e-04 9.98617419e-01 1.16791429e-03]
 [6.87764237e-01 5.09124504e-21 3.12235763e-01]
 [9.48336830e-01 5.80388952e-17 5.16631701e-02]
 [8.82048151e-01 1.48012833e-10 1.17951849e-01]
 [3.10028352e-03 9.85675419e-01 1.12242970e-02]
 [2.70879730e-03 9.84617030e-01 1.26741723e-02]
 [5.06179813e-01 1.33464600e-13 4.93820187e-01]
 [2.40897426e-03 9.93801843e-01 3.78918270e-03]
 [5.99972525e-05 9.99117367e-01 8.22635303e-04]
 [7.77812753e-01 5.92982263e-11 2.22187246e-01]
 [7.18893341e-01 3.90336047e-13 2.81106659e-01]
 [7.10082051e-01 1.23157214e-17 2.89917949e-01]
 [2.81026546e-04 9.94815670e-01 4.90330353e-03]
 [2.73110288e-03 9.75018253e-01 2.22506444e-02]
 [4.90827218e-01 1.30814100e-05 5.09159700e-01]
 [3.93572720e-01 3.21512602e-07 6.06426959e-01]
 [3.93418474e-01 2.63078974e-04 6.06318447e-01]
 [3.19972707e-03 9.71650784e-01 2.51494884e-02]
 [3.40369744e-01 6.33045661e-05 6.59566952e-01]
 [4.46155648e-01 7.85738952e-07 5.53843567e-01]
 [5.14280143e-03 9.58516801e-01 3.63403980e-02]
 [3.86865864e-01 3.21652488e-09 6.13134133e-01]]

alpha[0] = 0.34215073849549804
alpha[1] = 0.4044672795971914
alpha[2] = 0.25338198190731054

mu[0] = [0.39211142 0.24743916]
mu[1] = [0.68919676 0.26557052]
mu[2] = [0.46338963 0.32608444]

sigma[0] = [[0.01011193 0.00593932]
 [0.00593932 0.01346392]]
sigma[1] = [[0.00311919 0.0047306 ]
 [0.0047306  0.02108242]]
sigma[2] = [[0.01032781 0.00330684]
 [0.00330684 0.01090279]]

##### iter = 24 #####

Y = [[1.61117903e-02 9.09575902e-01 7.43123072e-02]
 [8.19474507e-04 9.88463241e-01 1.07172843e-02]
 [2.55821549e-02 8.82647719e-01 9.17701261e-02]
 [1.62956042e-01 3.95760497e-01 4.41283462e-01]
 [3.40165583e-01 1.35453061e-01 5.24381356e-01]
 [6.69930432e-01 6.62905625e-09 3.30069561e-01]
 [6.18644227e-01 1.18581962e-03 3.80169953e-01]
 [6.49812091e-01 1.23351741e-06 3.50186676e-01]
 [1.91269425e-04 9.98537342e-01 1.27138872e-03]
 [7.28629152e-01 6.39298803e-21 2.71370848e-01]
 [9.53263117e-01 6.63617746e-17 4.67368831e-02]
 [8.78178876e-01 1.63143754e-10 1.21821124e-01]
 [2.82339560e-03 9.85566141e-01 1.16104633e-02]
 [2.47400888e-03 9.84996431e-01 1.25295606e-02]
 [5.17402050e-01 1.55856019e-13 4.82597950e-01]
 [2.16692323e-03 9.93305091e-01 4.52798624e-03]
 [5.25901749e-05 9.99110631e-01 8.36778528e-04]
 [7.77964637e-01 6.58452956e-11 2.22035363e-01]
 [7.28534014e-01 4.45207044e-13 2.71465986e-01]
 [7.36447924e-01 1.47881570e-17 2.63552076e-01]
 [2.52002921e-04 9.95519838e-01 4.22815877e-03]
 [2.52871138e-03 9.78710179e-01 1.87611097e-02]
 [4.82309925e-01 1.39806315e-05 5.17676094e-01]
 [3.90100123e-01 3.51801595e-07 6.09899526e-01]
 [3.88606835e-01 2.81468744e-04 6.11111697e-01]
 [2.99522150e-03 9.77909540e-01 1.90952389e-02]
 [3.38151431e-01 6.86793465e-05 6.61779890e-01]
 [4.42108157e-01 8.53828672e-07 5.57890989e-01]
 [4.81989189e-03 9.66045053e-01 2.91350555e-02]
 [3.83921511e-01 3.57824671e-09 6.16078486e-01]]

alpha[0] = 0.34159811867347867
alpha[1] = 0.4064384354365608
alpha[2] = 0.25196344588996056

mu[0] = [0.38994554 0.24764598]
mu[1] = [0.68915044 0.2661543 ]
mu[2] = [0.46447786 0.3251633 ]

sigma[0] = [[0.01009083 0.0059313 ]
 [0.0059313  0.01341655]]
sigma[1] = [[0.00312191 0.00471916]
 [0.00471916 0.02107948]]
sigma[2] = [[0.0096278  0.00302354]
 [0.00302354 0.01103927]]

##### iter = 25 #####

Y = [[1.50298793e-02 9.21735733e-01 6.32343876e-02]
 [7.31494085e-04 9.91080531e-01 8.18797500e-03]
 [2.34871441e-02 8.87271842e-01 8.92410138e-02]
 [1.55379208e-01 4.09172833e-01 4.35447959e-01]
 [3.17436337e-01 1.37547510e-01 5.45016153e-01]
 [6.67018068e-01 7.28516735e-09 3.32981925e-01]
 [5.87377725e-01 1.22811120e-03 4.11394164e-01]
 [6.36926050e-01 1.32275466e-06 3.63072628e-01]
 [1.66773402e-04 9.98451392e-01 1.38183418e-03]
 [7.70286048e-01 8.07838448e-21 2.29713952e-01]
 [9.59172852e-01 7.68316467e-17 4.08271476e-02]
 [8.76523777e-01 1.81342502e-10 1.23476223e-01]
 [2.53005355e-03 9.85415047e-01 1.20548991e-02]
 [2.22165346e-03 9.85306972e-01 1.24713746e-02]
 [5.30907769e-01 1.82750435e-13 4.69092231e-01]
 [1.91903481e-03 9.92717148e-01 5.36381736e-03]
 [4.48091604e-05 9.99104203e-01 8.50987881e-04]
 [7.80575374e-01 7.36169535e-11 2.19424626e-01]
 [7.40743880e-01 5.11130440e-13 2.59256120e-01]
 [7.64893996e-01 1.78855612e-17 2.35106004e-01]
 [2.19740669e-04 9.96100709e-01 3.67955073e-03]
 [2.29570197e-03 9.81658797e-01 1.60455009e-02]
 [4.72707261e-01 1.49210592e-05 5.27277818e-01]
 [3.85677384e-01 3.83301863e-07 6.14322233e-01]
 [3.81463740e-01 2.99678686e-04 6.18236582e-01]
 [2.74568182e-03 9.82529693e-01 1.47246247e-02]
 [3.33758578e-01 7.39647523e-05 6.66167457e-01]
 [4.37141958e-01 9.25336594e-07 5.62857116e-01]
 [4.43264938e-03 9.71847754e-01 2.37195962e-02]
 [3.80964710e-01 3.97003952e-09 6.19035287e-01]]

alpha[0] = 0.3411593109513525
alpha[1] = 0.4080519828037282
alpha[2] = 0.2507887062449194

mu[0] = [0.38751949 0.24769415]
mu[1] = [0.68909649 0.26661556]
mu[2] = [0.46628999 0.32459128]

sigma[0] = [[0.01003432 0.00590796]
 [0.00590796 0.0133546 ]]
sigma[1] = [[0.00312468 0.00470822]
 [0.00470822 0.02107213]]
sigma[2] = [[0.00896398 0.00273917]
 [0.00273917 0.01116123]]

##### iter = 26 #####

Y = [[1.37155205e-02 9.32208819e-01 5.40756604e-02]
 [6.29057198e-04 9.93105850e-01 6.26509324e-03]
 [2.11904574e-02 8.91215250e-01 8.75942925e-02]
 [1.45920887e-01 4.21230009e-01 4.32849104e-01]
 [2.92660218e-01 1.39039334e-01 5.68300447e-01]
 [6.66132874e-01 7.96036773e-09 3.33867118e-01]
 [5.55130909e-01 1.26761482e-03 4.43601476e-01]
 [6.24875354e-01 1.41238233e-06 3.75123234e-01]
 [1.41173249e-04 9.98351795e-01 1.50703221e-03]
 [8.12688604e-01 1.00155765e-20 1.87311396e-01]
 [9.66177050e-01 8.80085026e-17 3.38229497e-02]
 [8.77967009e-01 2.00550474e-10 1.22032991e-01]
 [2.21823376e-03 9.85182831e-01 1.25989350e-02]
 [1.94948474e-03 9.85539070e-01 1.25114452e-02]
 [5.46984658e-01 2.12038871e-13 4.53015342e-01]
 [1.66514273e-03 9.91990439e-01 6.34441807e-03]
 [3.67346804e-05 9.99094856e-01 8.68409334e-04]
 [7.86466149e-01 8.17939579e-11 2.13533851e-01]
 [7.56302328e-01 5.81658145e-13 2.43697672e-01]
 [7.95912407e-01 2.13317701e-17 2.04087593e-01]
 [1.84495446e-04 9.96596699e-01 3.21880521e-03]
 [2.02827496e-03 9.84151293e-01 1.38204317e-02]
 [4.61739560e-01 1.58094205e-05 5.38244630e-01]
 [3.79890845e-01 4.13036285e-07 6.20108742e-01]
 [3.71667263e-01 3.16361404e-04 6.28016375e-01]
 [2.44386302e-03 9.86203194e-01 1.13529432e-02]
 [3.26894374e-01 7.88341647e-05 6.73026792e-01]
 [4.30966621e-01 9.93437714e-07 5.69032385e-01]
 [3.97076009e-03 9.76642981e-01 1.93862590e-02]
 [3.77478795e-01 4.35264679e-09 6.22521201e-01]]

alpha[0] = 0.3408676367947468
alpha[1] = 0.4094077957221093
alpha[2] = 0.2497245674831439

mu[0] = [0.38478668 0.24753454]
mu[1] = [0.68904894 0.26700808]
mu[2] = [0.46879648 0.32439058]

sigma[0] = [[0.00993402 0.00586513]
 [0.00586513 0.01327308]]
sigma[1] = [[0.00312668 0.00469789]
 [0.00469789 0.02106421]]
sigma[2] = [[0.00829888 0.00243282]
 [0.00243282 0.01126367]]

##### iter = 27 #####

Y = [[1.21637111e-02 9.41952782e-01 4.58835068e-02]
 [5.15725007e-04 9.94781695e-01 4.70257982e-03]
 [1.86976391e-02 8.94680982e-01 8.66213789e-02]
 [1.34610617e-01 4.32209242e-01 4.33180141e-01]
 [2.65545338e-01 1.39586468e-01 5.94868194e-01]
 [6.67836731e-01 8.60076331e-09 3.32163260e-01]
 [5.21480708e-01 1.29965134e-03 4.77219641e-01]
 [6.13791066e-01 1.49530817e-06 3.86207438e-01]
 [1.15088581e-04 9.98232905e-01 1.65200656e-03]
 [8.55520973e-01 1.19967536e-20 1.44479027e-01]
 [9.74087113e-01 9.82803257e-17 2.59128865e-02]
 [8.83431652e-01 2.18904313e-10 1.16568348e-01]
 [1.89147976e-03 9.84846320e-01 1.32622007e-02]
 [1.66078737e-03 9.85709540e-01 1.26296726e-02]
 [5.66229392e-01 2.41556050e-13 4.33770608e-01]
 [1.40839139e-03 9.91055382e-01 7.53622692e-03]
 [2.86763200e-05 9.99083977e-01 8.87346712e-04]
 [7.96564874e-01 8.96344212e-11 2.03435126e-01]
 [7.76103552e-01 6.50259247e-13 2.23896448e-01]
 [8.29887297e-01 2.47699258e-17 1.70112703e-01]
 [1.47624413e-04 9.97052609e-01 2.79976665e-03]
 [1.72994062e-03 9.86422629e-01 1.18474305e-02]
 [4.48943742e-01 1.65698173e-05 5.51039688e-01]
 [3.72106068e-01 4.38395509e-07 6.27893493e-01]
 [3.58729004e-01 3.30421361e-04 6.40940574e-01]
 [2.09215191e-03 9.89345772e-01 8.56207580e-03]
 [3.17062625e-01 8.30292299e-05 6.82854345e-01]
 [4.23088160e-01 1.05232996e-06 5.76910788e-01]
 [3.43629753e-03 9.80917974e-01 1.56457290e-02]
 [3.72788843e-01 4.69003359e-09 6.27211152e-01]]

alpha[0] = 0.34072317566160315
alpha[1] = 0.41058703157885706
alpha[2] = 0.24868979275953967

mu[0] = [0.38170315 0.24711039]
mu[1] = [0.68901583 0.2673703 ]
mu[2] = [0.47198262 0.32460112]

sigma[0] = [[0.00978014 0.00579625]
 [0.00579625 0.01316464]]
sigma[1] = [[0.00312729 0.00468781]
 [0.00468781 0.02105752]]
sigma[2] = [[0.00759932 0.00208795]
 [0.00208795 0.01134461]]

##### iter = 28 #####

Y = [[1.03897494e-02 9.51680892e-01 3.79293582e-02]
 [3.97810144e-04 9.96247576e-01 3.35461370e-03]
 [1.60415448e-02 8.97997994e-01 8.59604607e-02]
 [1.21542862e-01 4.42652607e-01 4.35804530e-01]
 [2.35999058e-01 1.38885736e-01 6.25115207e-01]
 [6.72975640e-01 9.16947698e-09 3.27024351e-01]
 [4.86081967e-01 1.32087734e-03 5.12597156e-01]
 [6.03939994e-01 1.56713801e-06 3.96058439e-01]
 [8.95802815e-05 9.98094274e-01 1.81614616e-03]
 [8.97663784e-01 1.37594696e-20 1.02336216e-01]
 [9.82324979e-01 1.06045058e-16 1.76750207e-02]
 [8.93886305e-01 2.34799330e-10 1.06113695e-01]
 [1.55806292e-03 9.84409100e-01 1.40328371e-02]
 [1.36344939e-03 9.85870475e-01 1.27660753e-02]
 [5.89721869e-01 2.69495452e-13 4.10278131e-01]
 [1.15483652e-03 9.89819588e-01 9.02557498e-03]
 [2.10745984e-05 9.99079182e-01 8.99743029e-04]
 [8.12026215e-01 9.65265740e-11 1.87973784e-01]
 [8.01192816e-01 7.10958470e-13 1.98807184e-01]
 [8.66761290e-01 2.77979604e-17 1.33238710e-01]
 [1.11222710e-04 9.97514333e-01 2.37444389e-03]
 [1.41029352e-03 9.88662830e-01 9.92687687e-03]
 [4.33658358e-01 1.71436767e-05 5.66324498e-01]
 [3.61383818e-01 4.57235165e-07 6.38615725e-01]
 [3.41931583e-01 3.40971879e-04 6.57727445e-01]
 [1.70144155e-03 9.92176498e-01 6.12206033e-03]
 [3.03472060e-01 8.63576497e-05 6.96441582e-01]
 [4.12756765e-01 1.09743056e-06 5.87242137e-01]
 [2.84222256e-03 9.84981755e-01 1.21760226e-02]
 [3.65993301e-01 4.95242990e-09 6.34006694e-01]]

alpha[0] = 0.3406797983829217
alpha[1] = 0.4116613776259948
alpha[2] = 0.24765882399108338

mu[0] = [0.37823682 0.24634951]
mu[1] = [0.68899991 0.2677294 ]
mu[2] = [0.47582007 0.32528558]

sigma[0] = [[0.00955997 0.005691  ]
 [0.005691   0.0130186 ]]
sigma[1] = [[0.00312605 0.00467726]
 [0.00467726 0.02105215]]
sigma[2] = [[0.00684041 0.00169346]
 [0.00169346 0.01140407]]

##### iter = 29 #####

Y = [[8.43551640e-03 9.61830681e-01 2.97338024e-02]
 [2.83598348e-04 9.97548262e-01 2.16814010e-03]
 [1.32839217e-02 9.01682376e-01 8.50337021e-02]
 [1.06899274e-01 4.53484721e-01 4.39616005e-01]
 [2.04244701e-01 1.36681716e-01 6.59073583e-01]
 [6.82954091e-01 9.65741938e-09 3.17045899e-01]
 [4.48939004e-01 1.32977042e-03 5.49731225e-01]
 [5.95986222e-01 1.62741965e-06 4.04012151e-01]
 [6.59451193e-05 9.97946003e-01 1.98805144e-03]
 [9.36532790e-01 1.50533806e-20 6.34672096e-02]
 [9.89887467e-01 1.10118733e-16 1.01125329e-02]
 [9.10135914e-01 2.47045067e-10 8.98640856e-02]
 [1.23022433e-03 9.83922053e-01 1.48477224e-02]
 [1.06919148e-03 9.86125540e-01 1.28052681e-02]
 [6.19230153e-01 2.95130755e-13 3.80769847e-01]
 [9.12915962e-04 9.88170636e-01 1.09164482e-02]
 [1.43930285e-05 9.99096315e-01 8.89291472e-04]
 [8.34213271e-01 1.02090899e-10 1.65786729e-01]
 [8.32569071e-01 7.59473661e-13 1.67430929e-01]
 [9.05332667e-01 3.00517409e-17 9.46673332e-02]
 [7.77233350e-05 9.98019852e-01 1.90242446e-03]
 [1.08443715e-03 9.91003825e-01 7.91173835e-03]
 [4.15027091e-01 1.74949767e-05 5.84955414e-01]
 [3.46418131e-01 4.68117723e-07 6.53581401e-01]
 [3.20316358e-01 3.47347701e-04 6.79336294e-01]
 [1.29158724e-03 9.94743919e-01 3.96449393e-03]
 [2.85015571e-01 8.87102265e-05 7.14895719e-01]
 [3.98923160e-01 1.12594242e-06 6.01075714e-01]
 [2.21322819e-03 9.88962628e-01 8.82414350e-03]
 [3.55909077e-01 5.12187434e-09 6.44090918e-01]]

alpha[0] = 0.3406165565179122
alpha[1] = 0.4127001696047066
alpha[2] = 0.24668327387738123

mu[0] = [0.37438739 0.2451607 ]
mu[1] = [0.68899755 0.2681016 ]
mu[2] = [0.48021653 0.32652652]

sigma[0] = [[0.00925755 0.00553452]
 [0.00553452 0.01282087]]
sigma[1] = [[0.0031227  0.00466504]
 [0.00466504 0.0210463 ]]
sigma[2] = [[0.00601553 0.00124758]
 [0.00124758 0.01144312]]

##### iter = 30 #####

Y = [[6.38566981e-03 9.72366738e-01 2.12475919e-02]
 [1.82354966e-04 9.98633370e-01 1.18427480e-03]
 [1.05201895e-02 9.06495070e-01 8.29847406e-02]
 [9.10030636e-02 4.66222634e-01 4.42774303e-01]
 [1.71002529e-01 1.32838832e-01 6.96158639e-01]
 [7.00038001e-01 1.01022562e-08 2.99961989e-01]
 [4.10849785e-01 1.32831795e-03 5.87821897e-01]
 [5.91415054e-01 1.68244697e-06 4.08583264e-01]
 [4.54781722e-05 9.97816210e-01 2.13831227e-03]
 [9.67952649e-01 1.57641425e-20 3.20473510e-02]
 [9.95572780e-01 1.10343242e-16 4.42722041e-03]
 [9.32032379e-01 2.55100772e-10 6.79676211e-02]
 [9.23236168e-04 9.83512888e-01 1.55638755e-02]
 [7.92694745e-04 9.86642101e-01 1.25652042e-02]
 [6.57310494e-01 3.19897674e-13 3.42689506e-01]
 [6.92609546e-04 9.85994221e-01 1.33131698e-02]
 [9.00783690e-06 9.99158543e-01 8.32449006e-04]
 [8.64177300e-01 1.06321512e-10 1.35822700e-01]
 [8.70367258e-01 7.94785779e-13 1.29632742e-01]
 [9.42264409e-01 3.13482209e-17 5.77355911e-02]
 [4.94445422e-05 9.98576625e-01 1.37393025e-03]
 [7.72630817e-04 9.93462219e-01 5.76514970e-03]
 [3.92113334e-01 1.76273602e-05 6.07869038e-01]
 [3.25610487e-01 4.70881453e-07 6.74389042e-01]
 [2.92826547e-01 3.49283665e-04 7.06824169e-01]
 [8.92550225e-04 9.96931674e-01 2.17577571e-03]
 [2.60433211e-01 9.01271608e-05 7.39476661e-01]
 [3.80295889e-01 1.13822954e-06 6.19702973e-01]
 [1.58822154e-03 9.92750452e-01 5.66132685e-03]
 [3.41130379e-01 5.20223937e-09 6.58869616e-01]]

alpha[0] = 0.34030832118505683
alpha[1] = 0.4137730080327188
alpha[2] = 0.2459186707822242

mu[0] = [0.37021532 0.24344545]
mu[1] = [0.68899553 0.26848802]
mu[2] = [0.48494987 0.32840285]

sigma[0] = [[0.00885726 0.00530818]
 [0.00530818 0.01255522]]
sigma[1] = [[0.00311742 0.00464949]
 [0.00464949 0.02103563]]
sigma[2] = [[0.00515185 0.00076576]
 [0.00076576 0.0114638 ]]

##### iter = 31 #####

Y = [[4.38925727e-03 9.82471930e-01 1.31388125e-02]
 [1.02609014e-04 9.99397519e-01 4.99871498e-04]
 [7.88588380e-03 9.13365453e-01 7.87486636e-02]
 [7.44052604e-02 4.83153538e-01 4.42441202e-01]
 [1.37724671e-01 1.27523737e-01 7.34751592e-01]
 [7.27271150e-01 1.06158430e-08 2.72728840e-01]
 [3.73990999e-01 1.32534860e-03 6.24683652e-01]
 [5.93026535e-01 1.75016926e-06 4.06971715e-01]
 [2.92084308e-05 9.97755336e-01 2.21545507e-03]
 [9.88046397e-01 1.60890263e-20 1.19536033e-02]
 [9.98692704e-01 1.08292962e-16 1.30729565e-03]
 [9.56853340e-01 2.59523606e-10 4.31466600e-02]
 [6.53957149e-04 9.83405916e-01 1.59401266e-02]
 [5.50248830e-04 9.87623942e-01 1.18258092e-02]
 [7.06707044e-01 3.48866964e-13 2.93292956e-01]
 [5.04172643e-04 9.83234276e-01 1.62615516e-02]
 [5.11083588e-06 9.99285347e-01 7.09542049e-04]
 [9.00936037e-01 1.09760739e-10 9.90639630e-02]
 [9.11975309e-01 8.21285205e-13 8.80246906e-02]
 [9.72003975e-01 3.19153362e-17 2.79960252e-02]
 [2.80728205e-05 9.99130448e-01 8.41479237e-04]
 [4.99011227e-04 9.95851522e-01 3.64946682e-03]
 [3.64288293e-01 1.76216179e-05 6.35694085e-01]
 [2.97512549e-01 4.67750135e-07 7.02486983e-01]
 [2.58803569e-01 3.47415767e-04 7.40849015e-01]
 [5.43070254e-04 9.98528232e-01 9.28697454e-04]
 [2.28828613e-01 9.09409559e-05 7.71080446e-01]
 [3.55686472e-01 1.14054193e-06 6.44312387e-01]
 [1.02110910e-03 9.95967280e-01 3.01161086e-03]
 [3.20393947e-01 5.23597331e-09 6.79606047e-01]]

alpha[0] = 0.3394452859003599
alpha[1] = 0.41494930596461754
alpha[2] = 0.24560540813502257

mu[0] = [0.36586245 0.24114362]
mu[1] = [0.68896787 0.26886972]
mu[2] = [0.48963218 0.3309277 ]

sigma[0] = [[0.00835528 0.00499403]
 [0.00499403 0.01220692]]
sigma[1] = [[0.00311123 0.00462868]
 [0.00462868 0.021013  ]]
sigma[2] = [[0.00431617 0.00028911]
 [0.00028911 0.01147235]]

##### iter = 32 #####

Y = [[2.65894841e-03 9.90646806e-01 6.69424553e-03]
 [4.91797310e-05 9.99800895e-01 1.49925160e-04]
 [5.55518327e-03 9.23008819e-01 7.14359977e-02]
 [5.79975661e-02 5.07138620e-01 4.34863814e-01]
 [1.06722922e-01 1.21498087e-01 7.71778991e-01]
 [7.66733918e-01 1.14097759e-08 2.33266071e-01]
 [3.42080495e-01 1.33974987e-03 6.56579755e-01]
 [6.04672932e-01 1.86558264e-06 3.95325202e-01]
 [1.76155335e-05 9.97827037e-01 2.15534784e-03]
 [9.97006654e-01 1.66917183e-20 2.99334554e-03]
 [9.99769918e-01 1.07797787e-16 2.30082300e-04]
 [9.78538214e-01 2.63098098e-10 2.14617860e-02]
 [4.37984240e-04 9.83897559e-01 1.56644565e-02]
 [3.56892421e-04 9.89208190e-01 1.04349178e-02]
 [7.67809908e-01 3.92587966e-13 2.32190092e-01]
 [3.56235844e-04 9.80038016e-01 1.96057483e-02]
 [2.64487026e-06 9.99470346e-01 5.27009131e-04]
 [9.38846072e-01 1.13777192e-10 6.11539281e-02]
 [9.50334959e-01 8.52395214e-13 4.96650407e-02]
 [9.90010260e-01 3.26874125e-17 9.98974024e-03]
 [1.40918408e-05 9.99574570e-01 4.11338047e-04]
 [2.86615905e-04 9.97802231e-01 1.91115327e-03]
 [3.31921234e-01 1.76884120e-05 6.68061078e-01]
 [2.61802203e-01 4.64832755e-07 7.38197332e-01]
 [2.18943579e-01 3.44092327e-04 7.80712329e-01]
 [2.80591496e-04 9.99434435e-01 2.84973574e-04]
 [1.90559848e-01 9.19426929e-05 8.09348209e-01]
 [3.24756861e-01 1.14879559e-06 6.75241990e-01]
 [5.70976892e-04 9.98178807e-01 1.25021639e-03]
 [2.93362403e-01 5.32632631e-09 7.06637592e-01]]

alpha[0] = 0.33774856354547605
alpha[1] = 0.41631071289524624
alpha[2] = 0.24594072355927785

mu[0] = [0.36153722 0.23830379]
mu[1] = [0.68887762 0.26921396]
mu[2] = [0.49376745 0.33396902]

sigma[0] = [[0.00777732 0.0045846 ]
 [0.0045846  0.01176967]]
sigma[1] = [[0.00310638 0.00460123]
 [0.00460123 0.02097022]]
sigma[2] = [[ 0.00358612 -0.0001196 ]
 [-0.0001196   0.01148329]]

##### iter = 33 #####

Y = [[1.39255429e-03 9.95827459e-01 2.77998711e-03]
 [2.00692491e-05 9.99948827e-01 3.11034642e-05]
 [3.70051497e-03 9.35401404e-01 6.08980807e-02]
 [4.30469344e-02 5.40904692e-01 4.16048374e-01]
 [8.07328769e-02 1.16334486e-01 8.02932637e-01]
 [8.15362988e-01 1.28094253e-08 1.84636999e-01]
 [3.18973985e-01 1.39756689e-03 6.79628449e-01]
 [6.28589562e-01 2.08141036e-06 3.71408357e-01]
 [1.03840697e-05 9.98082961e-01 1.90665516e-03]
 [9.99511593e-01 1.88006279e-20 4.88406812e-04]
 [9.99976268e-01 1.15288071e-16 2.37320042e-05]
 [9.91799084e-01 2.72879758e-10 8.20091566e-03]
 [2.83970989e-04 9.85282263e-01 1.44337656e-02]
 [2.20623575e-04 9.91343445e-01 8.43593166e-03]
 [8.34323378e-01 4.70307866e-13 1.65676622e-01]
 [2.52906619e-04 9.76991054e-01 2.27560396e-02]
 [1.30822725e-06 9.99671685e-01 3.27007078e-04]
 [9.68771573e-01 1.21250060e-10 3.12284271e-02]
 [9.77256315e-01 9.17600003e-13 2.27436849e-02]
 [9.97438047e-01 3.55526602e-17 2.56195273e-03]
 [6.41318659e-06 9.99838776e-01 1.54811095e-04]
 [1.46525499e-04 9.99041726e-01 8.11748622e-04]
 [2.96759052e-01 1.81920988e-05 7.03222756e-01]
 [2.20261281e-01 4.72963591e-07 7.79738246e-01]
 [1.76173990e-01 3.43908612e-04 8.23482101e-01]
 [1.20512774e-04 9.99817423e-01 6.20642240e-05]
 [1.48098036e-01 9.43810086e-05 8.51807583e-01]
 [2.88665331e-01 1.19091688e-06 7.11333478e-01]
 [2.73583907e-04 9.99326771e-01 3.99644643e-04]
 [2.61252808e-01 5.65837309e-09 7.38747186e-01]]

alpha[0] = 0.3351140823693918
alpha[1] = 0.41798902616222566
alpha[2] = 0.24689689146838262

mu[0] = [0.35746216 0.23507996]
mu[1] = [0.68868499 0.2694965 ]
mu[2] = [0.49688743 0.3372858 ]

sigma[0] = [[0.00718216 0.00409531]
 [0.00409531 0.01125502]]
sigma[1] = [[0.00310612 0.00456719]
 [0.00456719 0.02090204]]
sigma[2] = [[ 0.00300231 -0.00040915]
 [-0.00040915  0.01150448]]

##### iter = 34 #####

Y = [[6.36693035e-04 9.98379515e-01 9.83791888e-04]
 [7.31502990e-06 9.99987958e-01 4.72727600e-06]
 [2.39618037e-03 9.49575175e-01 4.80286448e-02]
 [3.07940153e-02 5.86421625e-01 3.82784359e-01]
 [6.15893547e-02 1.14183824e-01 8.24226821e-01]
 [8.63407488e-01 1.53204231e-08 1.36592496e-01]
 [3.06265050e-01 1.52251284e-03 6.92212437e-01]
 [6.61561059e-01 2.46614191e-06 3.38436474e-01]
 [6.44726209e-06 9.98516630e-01 1.47692262e-03]
 [9.99942747e-01 2.47317150e-20 5.72528390e-05]
 [9.99998283e-01 1.41811751e-16 1.71682256e-06]
 [9.97382540e-01 3.01735601e-10 2.61745988e-03]
 [1.87375708e-04 9.87679648e-01 1.21329762e-02]
 [1.36466845e-04 9.93748964e-01 6.11456906e-03]
 [8.93250973e-01 6.20464331e-13 1.06749027e-01]
 [1.90843404e-04 9.75187814e-01 2.46213430e-02]
 [6.79174533e-07 9.99835728e-01 1.63593237e-04]
 [9.86146321e-01 1.37841890e-10 1.38536786e-02]
 [9.91101340e-01 1.07449281e-12 8.89865988e-03]
 [9.99487558e-01 4.38849903e-17 5.12442276e-04]
 [2.84848613e-06 9.99952198e-01 4.49532805e-05]
 [6.91713308e-05 9.99644807e-01 2.86021327e-04]
 [2.61111226e-01 1.96059800e-05 7.38869168e-01]
 [1.76513339e-01 5.07026091e-07 8.23486154e-01]
 [1.35157984e-01 3.53320146e-04 8.64488696e-01]
 [4.37379077e-05 9.99945838e-01 1.04243687e-05]
 [1.06243634e-01 9.98810268e-05 8.93656485e-01]
 [2.49584323e-01 1.30556815e-06 7.50414371e-01]
 [1.14531042e-04 9.99781561e-01 1.03907992e-04]
 [2.26000958e-01 6.52124029e-09 7.73999036e-01]]

alpha[0] = 0.33164434944115084
alpha[1] = 0.42016136353748623
alpha[2] = 0.24819428702136287

mu[0] = [0.3538069  0.23162611]
mu[1] = [0.68835594 0.26971449]
mu[2] = [0.49870086 0.3406964 ]

sigma[0] = [[0.00663493 0.00356677]
 [0.00356677 0.01069463]]
sigma[1] = [[0.00311385 0.00452805]
 [0.00452805 0.02080866]]
sigma[2] = [[ 0.00255813 -0.00057835]
 [-0.00057835  0.01151043]]

##### iter = 35 #####

Y = [[2.64575537e-04 9.99420916e-01 3.14508293e-04]
 [2.57949584e-06 9.99996840e-01 5.80924164e-07]
 [1.56517584e-03 9.63750140e-01 3.46846841e-02]
 [2.16868015e-02 6.44152626e-01 3.34160572e-01]
 [4.91021142e-02 1.17077691e-01 8.33820194e-01]
 [9.01658808e-01 1.98816747e-08 9.83411718e-02]
 [3.02918561e-01 1.73609245e-03 6.95345346e-01]
 [6.96149503e-01 3.12041885e-06 3.03847377e-01]
 [4.51793555e-06 9.99016400e-01 9.79082271e-04]
 [9.99994119e-01 4.03840634e-20 5.88132345e-06]
 [9.99999884e-01 2.12180346e-16 1.15524985e-07]
 [9.99196249e-01 3.70294303e-10 8.03750809e-04]
 [1.32404413e-04 9.90737588e-01 9.13000803e-03]
 [8.91512331e-05 9.95979513e-01 3.93133557e-03]
 [9.34729602e-01 9.34213306e-13 6.52703977e-02]
 [1.60210663e-04 9.75629966e-01 2.42098229e-02]
 [4.05213527e-07 9.99934111e-01 6.54842715e-05]
 [9.94089268e-01 1.73931120e-10 5.91073218e-03]
 [9.96681094e-01 1.43530255e-12 3.31890609e-03]
 [9.99906126e-01 6.50728643e-17 9.38736764e-05]
 [1.34825430e-06 9.99988201e-01 1.04502474e-05]
 [3.20149708e-05 9.99880651e-01 8.73343338e-05]
 [2.26600287e-01 2.24708091e-05 7.73377242e-01]
 [1.34581074e-01 5.85398937e-07 8.65418341e-01]
 [1.00090296e-01 3.79886744e-04 8.99529818e-01]
 [1.41755642e-05 9.99984314e-01 1.51027386e-06]
 [7.06320616e-02 1.10801416e-04 9.29257137e-01]
 [2.09580128e-01 1.54138610e-06 7.90418331e-01]
 [4.41092913e-05 9.99932174e-01 2.37163228e-05]
 [1.88725833e-01 8.36572474e-09 8.11274159e-01]]

alpha[0] = 0.3276210825759131
alpha[1] = 0.4229245219739421
alpha[2] = 0.2494543954501447

mu[0] = [0.35065094 0.22809202]
mu[1] = [0.68787603 0.26987836]
mu[2] = [0.49922173 0.34408721]

sigma[0] = [[0.00617518 0.00304703]
 [0.00304703 0.01012816]]
sigma[1] = [[0.00313193 0.0044861 ]
 [0.0044861  0.02069494]]
sigma[2] = [[ 0.0022248  -0.00066168]
 [-0.00066168  0.0114661 ]]

##### iter = 36 #####

Y = [[1.05144658e-04 9.99800928e-01 9.39270335e-05]
 [9.41518230e-07 9.99998996e-01 6.26450225e-08]
 [1.05681874e-03 9.76009266e-01 2.29339157e-02]
 [1.52720808e-02 7.11226760e-01 2.73501159e-01]
 [4.16521984e-02 1.26454500e-01 8.31893302e-01]
 [9.27924200e-01 2.82747420e-08 7.20757721e-02]
 [3.06442611e-01 2.06485511e-03 6.91492534e-01]
 [7.26156110e-01 4.20991605e-06 2.73839681e-01]
 [3.64191090e-06 9.99436891e-01 5.59466790e-04]
 [9.99999361e-01 8.39323755e-20 6.39121741e-07]
 [9.99999991e-01 3.93861110e-16 8.93911259e-09]
 [9.99735356e-01 5.14122991e-10 2.64643396e-04]
 [1.02199511e-04 9.93742106e-01 6.15569438e-03]
 [6.31541764e-05 9.97678644e-01 2.25820209e-03]
 [9.59406544e-01 1.64036200e-12 4.05934564e-02]
 [1.50151650e-04 9.78345929e-01 2.15039190e-02]
 [2.86348120e-07 9.99978116e-01 2.15974684e-05]
 [9.97352535e-01 2.48506565e-10 2.64746498e-03]
 [9.98697453e-01 2.23551244e-12 1.30254748e-03]
 [9.99981745e-01 1.18627152e-16 1.82547603e-05]
 [7.14466460e-07 9.99997234e-01 2.05200156e-06]
 [1.52668406e-05 9.99960715e-01 2.40178997e-05]
 [1.94205538e-01 2.74118360e-05 8.05767050e-01]
 [9.79472214e-02 7.31211406e-07 9.02052047e-01]
 [7.28292337e-02 4.31593400e-04 9.26739173e-01]
 [4.38670169e-06 9.99995411e-01 2.02506456e-07]
 [4.44742367e-02 1.30469665e-04 9.55395294e-01]
 [1.70782986e-01 1.96071550e-06 8.29215053e-01]
 [1.65546169e-05 9.99978451e-01 4.99402901e-06]
 [1.50865736e-01 1.19377040e-08 8.49134252e-01]]

alpha[0] = 0.32350814656411325
alpha[1] = 0.42617550733848714
alpha[2] = 0.2503163460973996

mu[0] = [0.34801558 0.22470813]
mu[1] = [0.6872666  0.26999949]
mu[2] = [0.49877392 0.34731218]

sigma[0] = [[0.00581096 0.00257377]
 [0.00257377 0.00959507]]
sigma[1] = [[0.00316059 0.00444427]
 [0.00444427 0.02056885]]
sigma[2] = [[ 0.00196995 -0.00069043]
 [-0.00069043  0.01136827]]

##### iter = 37 #####

Y = [[4.18685130e-05 9.99931507e-01 2.66247743e-05]
 [3.68365149e-07 9.99999625e-01 6.18770807e-09]
 [7.42349887e-04 9.85262517e-01 1.39951328e-02]
 [1.08159780e-02 7.80550550e-01 2.08633472e-01]
 [3.74780898e-02 1.43089245e-01 8.19432665e-01]
 [9.44934249e-01 4.34903595e-08 5.50657076e-02]
 [3.13522614e-01 2.53268766e-03 6.83944698e-01]
 [7.49240528e-01 5.97348968e-06 2.50753499e-01]
 [3.28218176e-06 9.99715506e-01 2.81211708e-04]
 [9.99999920e-01 2.13981890e-19 8.00798613e-08]
 [9.99999999e-01 8.76620311e-16 8.65184361e-10]
 [9.99902070e-01 7.95598908e-10 9.79292155e-05]
 [8.50843791e-05 9.96150458e-01 3.76445785e-03]
 [4.82295945e-05 9.98776022e-01 1.17574808e-03]
 [9.73403062e-01 3.28994655e-12 2.65969376e-02]
 [1.52273945e-04 9.82403392e-01 1.74443336e-02]
 [2.32646646e-07 9.99993694e-01 6.07336040e-06]
 [9.98706167e-01 3.95599727e-10 1.29383223e-03]
 [9.99438728e-01 3.97122033e-12 5.61272475e-04]
 [9.99995977e-01 2.57617342e-16 4.02257479e-06]
 [4.23869581e-07 9.99999222e-01 3.53709655e-07]
 [7.68854974e-06 9.99986223e-01 6.08828178e-06]
 [1.64988995e-01 3.50668128e-05 8.34975938e-01]
 [6.90228274e-02 9.71688140e-07 9.30976201e-01]
 [5.30374867e-02 5.15138064e-04 9.46447375e-01]
 [1.37335560e-06 9.99998601e-01 2.59083049e-08]
 [2.73823654e-02 1.62348237e-04 9.72455286e-01]
 [1.35932437e-01 2.63715253e-06 8.64064925e-01]
 [6.33932465e-06 9.99992668e-01 9.93151509e-07]
 [1.15990767e-01 1.84327651e-08 8.84009215e-01]]

alpha[0] = 0.31982939253236825
alpha[1] = 0.4296368039238177
alpha[2] = 0.2505338035438139

mu[0] = [0.3459129  0.22175969]
mu[1] = [0.68658205 0.27007913]
mu[2] = [0.49781427 0.35020743]

sigma[0] = [[0.00553381 0.00217415]
 [0.00217415 0.00913478]]
sigma[1] = [[0.00319786 0.00440637]
 [0.00440637 0.02044033]]
sigma[2] = [[ 0.00176849 -0.00068365]
 [-0.00068365  0.01123993]]

##### iter = 38 #####

Y = [[1.75768608e-05 9.99975109e-01 7.31463793e-06]
 [1.57882213e-07 9.99999842e-01 5.77217933e-10]
 [5.42396413e-04 9.91442283e-01 8.01532011e-03]
 [7.75717592e-03 8.43005699e-01 1.49237125e-01]
 [3.52710127e-02 1.66956521e-01 7.97772467e-01]
 [9.56137984e-01 6.97070504e-08 4.38619463e-02]
 [3.20917105e-01 3.14650591e-03 6.75936390e-01]
 [7.66020792e-01 8.67795804e-06 2.33970530e-01]
 [3.15137535e-06 9.99869319e-01 1.27530092e-04]
 [9.99999988e-01 6.10239808e-19 1.15528938e-08]
 [1.00000000e+00 2.15922260e-15 1.04449562e-10]
 [9.99959119e-01 1.31317145e-09 4.08801529e-05]
 [7.44074070e-05 9.97796810e-01 2.12878258e-03]
 [3.89123482e-05 9.99395125e-01 5.65962184e-04]
 [9.81799519e-01 7.06118952e-12 1.82004813e-02]
 [1.60077634e-04 9.86646925e-01 1.31929975e-02]
 [2.05637744e-07 9.99998290e-01 1.50456458e-06]
 [9.99310389e-01 6.69667073e-10 6.89610261e-04]
 [9.99735680e-01 7.58509576e-12 2.64320021e-04]
 [9.99999000e-01 6.15963556e-16 1.00023578e-06]
 [2.75209906e-07 9.99999670e-01 5.51895046e-08]
 [4.14942855e-06 9.99994396e-01 1.45445457e-06]
 [1.40240136e-01 4.58235524e-05 8.59714040e-01]
 [4.84975408e-02 1.33025493e-06 9.51501129e-01]
 [3.94444592e-02 6.33129808e-04 9.59922411e-01]
 [4.62085776e-07 9.99999535e-01 3.24732850e-09]
 [1.71570706e-02 2.08571773e-04 9.82634358e-01]
 [1.07593548e-01 3.63289439e-06 8.92402819e-01]
 [2.59212289e-06 9.99997217e-01 1.90877501e-07]
 [8.80485788e-02 2.94657394e-08 9.11951392e-01]]

alpha[0] = 0.31695778206039066
alpha[1] = 0.4329708170899264
alpha[2] = 0.2500714008496829

mu[0] = [0.34434726 0.2194637 ]
mu[1] = [0.6858891  0.27010819]
mu[2] = [0.49673744 0.35266052]

sigma[0] = [[0.00533245 0.00186586]
 [0.00186586 0.00877744]]
sigma[1] = [[0.00324067 0.00437642]
 [0.00437642 0.02031978]]
sigma[2] = [[ 0.00160866 -0.00065483]
 [-0.00065483  0.01110637]]

##### iter = 39 #####

Y = [[8.29702694e-06 9.99989630e-01 2.07260604e-06]
 [7.67852864e-08 9.99999923e-01 5.61867967e-11]
 [4.14938061e-04 9.95111691e-01 4.47337116e-03]
 [5.73888162e-03 8.91473243e-01 1.02787876e-01]
 [3.42376654e-02 1.96834913e-01 7.68927422e-01]
 [9.63781000e-01 1.11290861e-07 3.62188887e-02]
 [3.26662969e-01 3.88963600e-03 6.69447395e-01]
 [7.77994450e-01 1.25098909e-05 2.21993040e-01]
 [3.09744405e-06 9.99941996e-01 5.49069081e-05]
 [9.99999998e-01 1.75008784e-18 1.95466373e-09]
 [1.00000000e+00 5.36365242e-15 1.59501813e-11]
 [9.99980691e-01 2.19470467e-09 1.93070766e-05]
 [6.69966782e-05 9.98775351e-01 1.15765238e-03]
 [3.27174772e-05 9.99703888e-01 2.63394600e-04]
 [9.87171623e-01 1.49737055e-11 1.28283766e-02]
 [1.68421526e-04 9.90258831e-01 9.57274700e-03]
 [1.89044587e-07 9.99999457e-01 3.54067297e-07]
 [9.99599943e-01 1.14148786e-09 4.00056210e-04]
 [9.99864416e-01 1.45514305e-11 1.35583583e-04]
 [9.99999717e-01 1.48123426e-15 2.82617362e-07]
 [1.93106239e-07 9.99999798e-01 8.49939444e-09]
 [2.45967562e-06 9.99997190e-01 3.50251256e-07]
 [1.21040959e-01 5.95342918e-05 8.78899507e-01]
 [3.53283741e-02 1.81374182e-06 9.64669812e-01]
 [3.06655322e-02 7.81780261e-04 9.68552688e-01]
 [1.80539303e-07 9.99999819e-01 4.35392226e-10]
 [1.14489497e-02 2.68382180e-04 9.88282668e-01]
 [8.69390651e-02 4.96348175e-06 9.13055971e-01]
 [1.20094666e-06 9.99998761e-01 3.81710120e-08]
 [6.85981283e-02 4.66176348e-08 9.31401825e-01]]

alpha[0] = 0.31499170436805873
alpha[1] = 0.43590344241070117
alpha[2] = 0.24910485322124007

mu[0] = [0.34328081 0.21786958]
mu[1] = [0.68524467 0.27007964]
mu[2] = [0.49578407 0.35464681]

sigma[0] = [[0.00519564 0.00165093]
 [0.00165093 0.00852954]]
sigma[1] = [[0.00328566 0.00435696]
 [0.00435696 0.02021527]]
sigma[2] = [[ 0.0014877  -0.00061503]
 [-0.00061503  0.01098326]]

##### iter = 40 #####

Y = [[4.65539744e-06 9.99994668e-01 6.77090056e-07]
 [4.40854559e-08 9.99999956e-01 6.94738962e-12]
 [3.36490150e-04 9.97079714e-01 2.58379623e-03]
 [4.48533478e-03 9.24123324e-01 7.13913417e-02]
 [3.39458237e-02 2.30005942e-01 7.36048234e-01]
 [9.68935870e-01 1.70687745e-07 3.10639591e-02]
 [3.30560568e-01 4.72379813e-03 6.64715634e-01]
 [7.86251817e-01 1.74396493e-05 2.13730743e-01]
 [3.06291950e-06 9.99972527e-01 2.44100913e-05]
 [1.00000000e+00 4.64151996e-18 4.26699385e-10]
 [1.00000000e+00 1.24768276e-14 3.35738991e-12]
 [9.99989416e-01 3.56156207e-09 1.05800297e-05]
 [6.17659509e-05 9.99293685e-01 6.44548629e-04]
 [2.86458611e-05 9.99843519e-01 1.27834991e-04]
 [9.90590805e-01 2.94764558e-11 9.40919493e-03]
 [1.74489330e-04 9.92921134e-01 6.90437622e-03]
 [1.77533142e-07 9.99999732e-01 9.06075250e-08]
 [9.99742914e-01 1.87654687e-09 2.57084203e-04]
 [9.99922280e-01 2.65874769e-11 7.77201564e-05]
 [9.99999903e-01 3.33774766e-15 9.65578142e-08]
 [1.47163285e-07 9.99999851e-01 1.52481280e-09]
 [1.64746213e-06 9.99998256e-01 9.65096176e-08]
 [1.07608869e-01 7.54638749e-05 8.92315667e-01]
 [2.75388419e-02 2.40417473e-06 9.72458754e-01]
 [2.53742837e-02 9.50566981e-04 9.73675149e-01]
 [8.76648751e-08 9.99999912e-01 7.38890726e-11]
 [8.41021491e-03 3.37199388e-04 9.91252586e-01]
 [7.33612388e-02 6.57678157e-06 9.26632184e-01]
 [6.65053668e-07 9.99999326e-01 9.12495981e-09]
 [5.65377777e-02 7.05858389e-08 9.43462152e-01]]

alpha[0] = 0.3137955945606329
alpha[1] = 0.43831150806797997
alpha[2] = 0.24789289737138723

mu[0] = [0.34262183 0.21686693]
mu[1] = [0.68468214 0.2700019 ]
mu[2] = [0.49503658 0.35621503]

sigma[0] = [[0.00511035 0.0015145 ]
 [0.0015145  0.00837371]]
sigma[1] = [[0.00332964 0.00434748]
 [0.00434748 0.02012998]]
sigma[2] = [[ 0.00140266 -0.00057211]
 [-0.00057211  0.0108764 ]]

##### iter = 41 #####

Y = [[3.14568944e-06 9.99996573e-01 2.81379512e-07]
 [3.02214665e-08 9.99999970e-01 1.30975548e-12]
 [2.90848750e-04 9.98078152e-01 1.63099905e-03]
 [3.75019538e-03 9.44012494e-01 5.22373105e-02]
 [3.41431860e-02 2.62994737e-01 7.02862077e-01]
 [9.72175530e-01 2.46578423e-07 2.78242236e-02]
 [3.33439795e-01 5.59659902e-03 6.60963606e-01]
 [7.91424933e-01 2.31690237e-05 2.08551898e-01]
 [3.04721641e-06 9.99984819e-01 1.21336396e-05]
 [1.00000000e+00 1.08598463e-17 1.32959747e-10]
 [1.00000000e+00 2.60522858e-14 1.06298086e-12]
 [9.99993106e-01 5.47035244e-09 6.88821904e-06]
 [5.84158227e-05 9.99552086e-01 3.89498575e-04]
 [2.61840417e-05 9.99904374e-01 6.94420407e-05]
 [9.92650418e-01 5.22642370e-11 7.34958229e-03]
 [1.78163955e-04 9.94712169e-01 5.10966692e-03]
 [1.70428267e-07 9.99999801e-01 2.86865519e-08]
 [9.99813405e-01 2.90212267e-09 1.86592287e-04]
 [9.99948673e-01 4.49294508e-11 5.13272873e-05]
 [9.99999957e-01 6.77516639e-15 4.26872647e-08]
 [1.22387202e-07 9.99999877e-01 3.72791713e-10]
 [1.25678885e-06 9.99998709e-01 3.42024169e-08]
 [9.91070203e-02 9.25275184e-05 9.00800452e-01]
 [2.31733953e-02 3.06321488e-06 9.76823541e-01]
 [2.23937773e-02 1.12538938e-03 9.76480833e-01]
 [5.37585496e-08 9.99999946e-01 1.84634790e-11]
 [6.82815852e-03 4.08008879e-04 9.92763833e-01]
 [6.51401733e-02 8.36615086e-06 9.34851461e-01]
 [4.45891294e-07 9.99999551e-01 2.95509506e-09]
 [4.96452549e-02 1.00543854e-07 9.50354645e-01]]

alpha[0] = 0.31313962877773577
alpha[1] = 0.44021635789735963
alpha[2] = 0.24664401332490457

mu[0] = [0.34225343 0.2162784 ]
mu[1] = [0.68421111 0.26989727]
mu[2] = [0.494475   0.35744419]

sigma[0] = [[0.00506232 0.00143367]
 [0.00143367 0.00828263]]
sigma[1] = [[0.0033699  0.00434497]
 [0.00434497 0.02006256]]
sigma[2] = [[ 0.00134618 -0.00053049]
 [-0.00053049  0.01078608]]

##### iter = 42 #####

Y = [[2.48268204e-06 9.99997366e-01 1.51278147e-07]
 [2.41021800e-08 9.99999976e-01 3.91601621e-13]
 [2.65977826e-04 9.98588895e-01 1.14512744e-03]
 [3.33673897e-03 9.55701826e-01 4.09614350e-02]
 [3.46646546e-02 2.93132491e-01 6.72202854e-01]
 [9.74021424e-01 3.33987444e-07 2.59782418e-02]
 [3.36055038e-01 6.45212914e-03 6.57492832e-01]
 [7.94155971e-01 2.92337386e-05 2.05814796e-01]
 [3.06248559e-06 9.99989986e-01 6.95180219e-06]
 [1.00000000e+00 2.20870467e-17 5.96087247e-11]
 [1.00000000e+00 4.81629453e-14 5.01608090e-13]
 [9.99994725e-01 7.86814187e-09 5.26678020e-06]
 [5.66643607e-05 9.99682209e-01 2.61126498e-04]
 [2.48988389e-05 9.99931854e-01 4.32476122e-05]
 [9.93837326e-01 8.32358519e-11 6.16267400e-03]
 [1.80673891e-04 9.95876634e-01 3.94269179e-03]
 [1.67700984e-07 9.99999821e-01 1.17413039e-08]
 [9.99847924e-01 4.18557677e-09 1.52072058e-04]
 [9.99961009e-01 6.96113304e-11 3.89913428e-05]
 [9.99999976e-01 1.22393130e-14 2.44952149e-08]
 [1.10046529e-07 9.99999890e-01 1.29776302e-10]
 [1.07104438e-06 9.99998913e-01 1.60275908e-08]
 [9.41458757e-02 1.09590988e-04 9.05744533e-01]
 [2.07925825e-02 3.74460189e-06 9.79203673e-01]
 [2.08206402e-02 1.29362547e-03 9.77885734e-01]
 [4.00718648e-08 9.99999960e-01 6.96104688e-12]
 [6.00787121e-03 4.74628621e-04 9.93517500e-01]
 [6.04205444e-02 1.02044604e-05 9.39569251e-01]
 [3.50914766e-07 9.99999648e-01 1.32641100e-09]
 [4.59003107e-02 1.34358117e-07 9.54099555e-01]]

alpha[0] = 0.31281660448393295
alpha[1] = 0.4417091035127046
alpha[2] = 0.24547429200336243

mu[0] = [0.34207003 0.21594507]
mu[1] = [0.68382551 0.26978784]
mu[2] = [0.49404846 0.35841249]

sigma[0] = [[0.00503865 0.00138748]
 [0.00138748 0.00823179]]
sigma[1] = [[0.00340491 0.00434613]
 [0.00434613 0.02000963]]
sigma[2] = [[ 0.00130915 -0.00049227]
 [-0.00049227  0.01071051]]

##### iter = 43 #####

Y = [[2.18239406e-06 9.99997718e-01 9.97608202e-08]
 [2.14063473e-08 9.99999979e-01 1.69894818e-13]
 [2.53531438e-04 9.98866163e-01 8.80305592e-04]
 [3.11097165e-03 9.62741109e-01 3.41479189e-02]
 [3.53905938e-02 3.19315859e-01 6.45293547e-01]
 [9.74976299e-01 4.26426385e-07 2.50232749e-02]
 [3.38697563e-01 7.24615372e-03 6.54056283e-01]
 [7.95238397e-01 3.51930973e-05 2.04726410e-01]
 [3.11080246e-06 9.99992372e-01 4.51679401e-06]
 [1.00000000e+00 3.93513623e-17 3.54960429e-11]
 [1.00000000e+00 7.93377886e-14 3.20183704e-13]
 [9.99995456e-01 1.06075306e-08 4.53370393e-06]
 [5.61058704e-05 9.99752028e-01 1.91866566e-04]
 [2.44002826e-05 9.99945307e-01 3.02928635e-05]
 [9.94521154e-01 1.20581674e-10 5.47884540e-03]
 [1.83057167e-04 9.96643313e-01 3.17363025e-03]
 [1.68662202e-07 9.99999825e-01 5.99278404e-09]
 [9.99864829e-01 5.64582826e-09 1.35165487e-04]
 [9.99967027e-01 9.93956489e-11 3.29729774e-05]
 [9.99999983e-01 1.98067873e-14 1.72090269e-08]
 [1.04875044e-07 9.99999895e-01 6.05862928e-11]
 [9.87227421e-07 9.99999003e-01 9.42686533e-09]
 [9.14142584e-02 1.25739155e-04 9.08460002e-01]
 [1.95007055e-02 4.40740239e-06 9.80494887e-01]
 [2.00517612e-02 1.44740871e-03 9.78500830e-01]
 [3.42066708e-08 9.99999966e-01 3.63336978e-12]
 [5.58128604e-03 5.33775114e-04 9.93884939e-01]
 [5.77749283e-02 1.19810724e-05 9.42213091e-01]
 [3.08773909e-07 9.99999690e-01 7.72117697e-10]
 [4.39238642e-02 1.69527965e-07 9.56075966e-01]]

alpha[0] = 0.3126844363384382
alpha[1] = 0.44288858326023595
alpha[2] = 0.2444269804013259

mu[0] = [0.34199522 0.21575737]
mu[1] = [0.68351186 0.26968635]
mu[2] = [0.49371452 0.35918711]

sigma[0] = [[0.00502956 0.00136119]
 [0.00136119 0.00820404]]
sigma[1] = [[0.00343447 0.00434875]
 [0.00434875 0.01996773]]
sigma[2] = [[ 0.00128415 -0.00045827]
 [-0.00045827  0.01064714]]

##### iter = 44 #####

Y = [[2.04937604e-06 9.99997875e-01 7.53351791e-08]
 [2.03340861e-08 9.99999980e-01 9.48374286e-14]
 [2.48210876e-04 9.99029572e-01 7.22216781e-04]
 [2.99114866e-03 9.67236958e-01 2.97718935e-02]
 [3.62269943e-02 3.41593274e-01 6.22179731e-01]
 [9.75427583e-01 5.18414451e-07 2.45718982e-02]
 [3.41397527e-01 7.95707875e-03 6.50645394e-01]
 [7.95408635e-01 4.07656421e-05 2.04550599e-01]
 [3.18501098e-06 9.99993592e-01 3.22347540e-06]
 [1.00000000e+00 6.26663795e-17 2.54394215e-11]
 [1.00000000e+00 1.18523113e-13 2.47237075e-13]
 [9.99995789e-01 1.35165746e-08 4.19744282e-06]
 [5.63326543e-05 9.99792749e-01 1.50918087e-04]
 [2.43853497e-05 9.99952512e-01 2.31024893e-05]
 [9.94932761e-01 1.61833652e-10 5.06723905e-03]
 [1.85725241e-04 9.97166770e-01 2.64750507e-03]
 [1.72250335e-07 9.99999824e-01 3.58930138e-09]
 [9.99873185e-01 7.19121060e-09 1.26808290e-04]
 [9.99970142e-01 1.32452280e-10 2.98578280e-05]
 [9.99999986e-01 2.91989952e-14 1.37849795e-08]
 [1.03758902e-07 9.99999896e-01 3.47184340e-11]
 [9.55364641e-07 9.99999038e-01 6.47433532e-09]
 [8.99749852e-02 1.40459421e-04 9.09884555e-01]
 [1.87904957e-02 5.02540505e-06 9.81204479e-01]
 [1.97221630e-02 1.58385275e-03 9.78693984e-01]
 [3.17273556e-08 9.99999968e-01 2.35165614e-12]
 [5.35875088e-03 5.84797259e-04 9.94056452e-01]
 [5.62907920e-02 1.36276272e-05 9.43695580e-01]
 [2.90942839e-07 9.99999709e-01 5.34473259e-10]
 [4.28986407e-02 2.04091272e-07 9.57101155e-01]]

alpha[0] = 0.3126593680431149
alpha[1] = 0.44383626892840694
alpha[2] = 0.24350436302847817

mu[0] = [0.34198132 0.21564946]
mu[1] = [0.68325533 0.26959716]
mu[2] = [0.49344567 0.35982181]

sigma[0] = [[0.00502865 0.00134583]
 [0.00134583 0.00818887]]
sigma[1] = [[0.00345917 0.00435173]
 [0.00435173 0.019934  ]]
sigma[2] = [[ 0.00126637 -0.00042858]
 [-0.00042858  0.01059323]]

##### iter = 45 #####

Y = [[1.99791021e-06 9.99997940e-01 6.18088752e-08]
 [2.00757653e-08 9.99999980e-01 6.20198303e-14]
 [2.46884972e-04 9.99134001e-01 6.19114040e-04]
 [2.93052986e-03 9.70307167e-01 2.67623028e-02]
 [3.71058508e-02 3.60492302e-01 6.02401847e-01]
 [9.75622011e-01 6.06591625e-07 2.43773828e-02]
 [3.44140726e-01 8.58331955e-03 6.47275954e-01]
 [7.95191114e-01 4.58386259e-05 2.04763048e-01]
 [3.27628172e-06 9.99994266e-01 2.45789856e-06]
 [1.00000000e+00 9.12980312e-17 2.03563187e-11]
 [1.00000000e+00 1.63899684e-13 2.12543117e-13]
 [9.99995941e-01 1.64580085e-08 4.04237116e-06]
 [5.70352973e-05 9.99818437e-01 1.24527666e-04]
 [2.46514174e-05 9.99956678e-01 1.86708912e-05]
 [9.95198908e-01 2.04844948e-10 4.80109159e-03]
 [1.88723039e-04 9.97539324e-01 2.27195344e-03]
 [1.77525764e-07 9.99999820e-01 2.39784756e-09]
 [9.99877421e-01 8.74971791e-09 1.22570080e-04]
 [9.99971883e-01 1.67103988e-10 2.81169646e-05]
 [9.99999988e-01 3.99758307e-14 1.19282401e-08]
 [1.04915633e-07 9.99999895e-01 2.27461908e-11]
 [9.50511775e-07 9.99999045e-01 4.90631066e-09]
 [8.92557183e-02 1.53616708e-04 9.10590665e-01]
 [1.83884661e-02 5.58783931e-06 9.81605946e-01]
 [1.96245855e-02 1.70337758e-03 9.78672037e-01]
 [3.08422190e-08 9.99999969e-01 1.73503132e-12]
 [5.24267013e-03 6.28449410e-04 9.94128880e-01]
 [5.54421351e-02 1.51186355e-05 9.44542746e-01]
 [2.84972632e-07 9.99999715e-01 4.11585038e-10]
 [4.23728322e-02 2.36925672e-07 9.57626931e-01]]

alpha[0] = 0.31269616392811733
alpha[1] = 0.4446124905225966
alpha[2] = 0.2426913455492863

mu[0] = [0.34200138 0.21558431]
mu[1] = [0.68304296 0.26952023]
mu[2] = [0.49322476 0.36035712]

sigma[0] = [[0.00503216 0.00133632]
 [0.00133632 0.00818031]]
sigma[1] = [[0.00347988 0.0043546 ]
 [0.0043546  0.01990634]]
sigma[2] = [[ 0.00125301 -0.00040295]
 [-0.00040295  0.01054629]]

##### iter = 46 #####

Y = [[1.98783907e-06 9.99997959e-01 5.33178363e-08]
 [2.02456225e-08 9.99999980e-01 4.47742831e-14]
 [2.47810494e-04 9.99205397e-01 5.46792218e-04]
 [2.90344207e-03 9.72532292e-01 2.45642655e-02]
 [3.79873792e-02 3.76616548e-01 5.85396073e-01]
 [9.75699308e-01 6.89421123e-07 2.43000030e-02]
 [3.46941520e-01 9.13378558e-03 6.43924695e-01]
 [7.94901221e-01 5.04060129e-05 2.05048373e-01]
 [3.37842919e-06 9.99994657e-01 1.96437097e-06]
 [1.00000000e+00 1.24221962e-16 1.73597850e-11]
 [1.00000000e+00 2.13641824e-13 1.93402470e-13]
 [9.99996012e-01 1.93446920e-08 3.96883360e-06]
 [5.80217252e-05 9.99835689e-01 1.06288957e-04]
 [2.50792906e-05 9.99959218e-01 1.57026215e-05]
 [9.95385281e-01 2.48136943e-10 4.61471888e-03]
 [1.92006912e-04 9.97814790e-01 1.99320276e-03]
 [1.83876742e-07 9.99999814e-01 1.72683817e-09]
 [9.99879710e-01 1.02761700e-08 1.20279791e-04]
 [9.99972954e-01 2.02141166e-10 2.70453701e-05]
 [9.99999989e-01 5.17052355e-14 1.07837597e-08]
 [1.07371040e-07 9.99999893e-01 1.62697152e-11]
 [9.60029349e-07 9.99999036e-01 3.95713852e-09]
 [8.89360558e-02 1.65299330e-04 9.10898645e-01]
 [1.81503613e-02 6.09413180e-06 9.81843545e-01]
 [1.96463388e-02 1.80786395e-03 9.78545797e-01]
 [3.07527154e-08 9.99999969e-01 1.38465966e-12]
 [5.18257339e-03 6.65914398e-04 9.94151512e-01]
 [5.49413455e-02 1.64558583e-05 9.45042199e-01]
 [2.85042322e-07 9.99999715e-01 3.38196037e-10]
 [4.21044292e-02 2.67568435e-07 9.57895303e-01]]

alpha[0] = 0.3127719263946394
alpha[1] = 0.44526005880595065
alpha[2] = 0.2419680147994099

mu[0] = [0.34204129 0.21554168]
mu[1] = [0.68286465 0.26945403]
mu[2] = [0.49304065 0.36082247]

sigma[0] = [[0.00503809 0.00132989]
 [0.00132989 0.00817512]]
sigma[1] = [[0.00349739 0.00435723]
 [0.00435723 0.01988324]]
sigma[2] = [[ 0.00124246 -0.00038094]
 [-0.00038094  0.01050424]]

##### iter = 47 #####

Y = [[1.99965496e-06 9.99997953e-01 4.74503354e-08]
 [2.06562152e-08 9.99999979e-01 3.44590942e-14]
 [2.50072780e-04 9.99256749e-01 4.93178585e-04]
 [2.89620585e-03 9.74222378e-01 2.28814157e-02]
 [3.88554675e-02 3.90494385e-01 5.70650147e-01]
 [9.75733897e-01 7.66463989e-07 2.42653368e-02]
 [3.49844077e-01 9.62034909e-03 6.40535574e-01]
 [7.94712300e-01 5.45083994e-05 2.05233191e-01]
 [3.48863746e-06 9.99994886e-01 1.62509815e-06]
 [1.00000000e+00 1.60421854e-16 1.53650481e-11]
 [1.00000000e+00 2.66244524e-13 1.81122805e-13]
 [9.99996049e-01 2.21289906e-08 3.92882404e-06]
 [5.91926707e-05 9.99847812e-01 9.29951749e-05]
 [2.56073948e-05 9.99960806e-01 1.35868226e-05]
 [9.95525610e-01 2.90814281e-10 4.47439006e-03]
 [1.95561302e-04 9.98025197e-01 1.77924217e-03]
 [1.91005613e-07 9.99999808e-01 1.31210236e-09]
 [9.99881126e-01 1.17461735e-08 1.18862387e-04]
 [9.99973693e-01 2.36796054e-10 2.63068835e-05]
 [9.99999990e-01 6.40335045e-14 9.99492630e-09]
 [1.10631735e-07 9.99999889e-01 1.23547212e-11]
 [9.77588466e-07 9.99999019e-01 3.32508063e-09]
 [8.88451643e-02 1.75681346e-04 9.10979154e-01]
 [1.80005210e-02 6.54846590e-06 9.81992931e-01]
 [1.97282539e-02 1.89949959e-03 9.78372247e-01]
 [3.10815550e-08 9.99999969e-01 1.15978926e-12]
 [5.15227165e-03 6.98328527e-04 9.94149400e-01]
 [5.46347584e-02 1.76530319e-05 9.45347589e-01]
 [2.88332578e-07 9.99999711e-01 2.89440271e-10]
 [4.19653577e-02 2.95931659e-07 9.58034346e-01]]

alpha[0] = 0.31287607613037766
alpha[1] = 0.44580907356385535
alpha[2] = 0.2413148503057669

mu[0] = [0.34209428 0.21551059]
mu[1] = [0.68271285 0.26939677]
mu[2] = [0.49288567 0.36123914]

sigma[0] = [[0.00504543 0.00132501]
 [0.00132501 0.00817153]]
sigma[1] = [[0.00351237 0.00435959]
 [0.00435959 0.01986365]]
sigma[2] = [[ 0.00123383 -0.0003621 ]
 [-0.0003621   0.01046542]]

##### iter = 48 #####

Y = [[2.02385667e-06 9.99997933e-01 4.30973391e-08]
 [2.12195752e-08 9.99999979e-01 2.77008074e-14]
 [2.53230228e-04 9.99294992e-01 4.51778102e-04]
 [2.90177225e-03 9.75551653e-01 2.15465747e-02]
 [3.97101096e-02 4.02548889e-01 5.57741001e-01]
 [9.75764685e-01 8.37812403e-07 2.42344774e-02]
 [3.52910727e-01 1.00542500e-02 6.37035023e-01]
 [7.94717908e-01 5.81985955e-05 2.05223893e-01]
 [3.60674554e-06 9.99995013e-01 1.38029703e-06]
 [1.00000000e+00 1.99004785e-16 1.39070537e-11]
 [1.00000000e+00 3.20559908e-13 1.71947221e-13]
 [9.99996077e-01 2.47879143e-08 3.89838072e-06]
 [6.05102402e-05 9.99856580e-01 8.29094501e-05]
 [2.62099927e-05 9.99961782e-01 1.20077856e-05]
 [9.95637650e-01 3.32372410e-10 4.36234956e-03]
 [1.99419538e-04 9.98190299e-01 1.61028137e-03]
 [1.98845846e-07 9.99999800e-01 1.03766632e-09]
 [9.99882212e-01 1.31481728e-08 1.17774956e-04]
 [9.99974265e-01 2.70612431e-10 2.57350241e-05]
 [9.99999991e-01 7.66913368e-14 9.39846044e-09]
 [1.14485706e-07 9.99999886e-01 9.79289516e-12]
 [1.00019270e-06 9.99998997e-01 2.87442787e-09]
 [8.88950920e-02 1.84947453e-04 9.10919961e-01]
 [1.78991056e-02 6.95645488e-06 9.82093938e-01]
 [1.98404035e-02 1.98027928e-03 9.78179317e-01]
 [3.16481724e-08 9.99999968e-01 1.00221295e-12]
 [5.13817484e-03 7.26633275e-04 9.94135192e-01]
 [5.44409117e-02 1.87269326e-05 9.45540361e-01]
 [2.93485059e-07 9.99999706e-01 2.54452933e-10]
 [4.18879460e-02 3.22098695e-07 9.58111732e-01]]

alpha[0] = 0.313004789655227
alpha[1] = 0.4462808889305821
alpha[2] = 0.24071432141419097

mu[0] = [0.34215763 0.21548497]
mu[1] = [0.68258203 0.26934688]
mu[2] = [0.49275439 0.36162289]

sigma[0] = [[0.00505376 0.00132085]
 [0.00132085 0.0081686 ]]
sigma[1] = [[0.00352533 0.0043617 ]
 [0.0043617  0.01984681]]
sigma[2] = [[ 0.00122656 -0.00034602]
 [-0.00034602  0.01042851]]

##### iter = 49 #####

Y = [[2.05601642e-06 9.99997904e-01 3.96951907e-08]
 [2.19003310e-08 9.99999978e-01 2.29745514e-14]
 [2.57106347e-04 9.99324067e-01 4.18826996e-04]
 [2.91672065e-03 9.76623814e-01 2.04594657e-02]
 [4.05609572e-02 4.13109003e-01 5.46330040e-01]
 [9.75812530e-01 9.03770143e-07 2.41865660e-02]
 [3.56214829e-01 1.04450140e-02 6.33340157e-01]
 [7.94972455e-01 6.15270235e-05 2.04966018e-01]
 [3.73442283e-06 9.99995069e-01 1.19697150e-06]
 [1.00000000e+00 2.39220367e-16 1.27633009e-11]
 [1.00000000e+00 3.75733746e-13 1.64097301e-13]
 [9.99996108e-01 2.73122677e-08 3.86501682e-06]
 [6.19743469e-05 9.99863006e-01 7.50198414e-05]
 [2.68826893e-05 9.99962329e-01 1.07881903e-05]
 [9.95731219e-01 3.72542363e-10 4.26878049e-03]
 [2.03656144e-04 9.98322759e-01 1.47358526e-03]
 [2.07488301e-07 9.99999792e-01 8.46524830e-10]
 [9.99883253e-01 1.44777336e-08 1.16732974e-04]
 [9.99974756e-01 3.03329913e-10 2.52432145e-05]
 [9.99999991e-01 8.94782446e-14 8.91303696e-09]
 [1.18886576e-07 9.99999881e-01 8.01675244e-12]
 [1.02664650e-06 9.99998971e-01 2.53686198e-09]
 [8.90426101e-02 1.93263687e-04 9.10764126e-01]
 [1.78249079e-02 7.32361197e-06 9.82167769e-01]
 [1.99684988e-02 2.05186510e-03 9.77979636e-01]
 [3.23702430e-08 9.99999968e-01 8.84543036e-13]
 [5.13326416e-03 7.51568377e-04 9.94115167e-01]
 [5.43166842e-02 1.96934942e-05 9.45663622e-01]
 [2.99888651e-07 9.99999700e-01 2.27903164e-10]
 [4.18361914e-02 3.46214860e-07 9.58163462e-01]]

alpha[0] = 0.31315806975289473
alpha[1] = 0.4466909262113398
alpha[2] = 0.24015100403576548

mu[0] = [0.34223085 0.21546143]
mu[1] = [0.6824681  0.26930305]
mu[2] = [0.49264285 0.36198594]

sigma[0] = [[0.00506298 0.00131691]
 [0.00131691 0.00816581]]
sigma[1] = [[0.00353664 0.00436359]
 [0.00436359 0.01983218]]
sigma[2] = [[ 0.00122029 -0.00033236]
 [-0.00033236  0.01039241]]

##### iter = 50 #####

Y = [[2.09437345e-06 9.99997869e-01 3.69303150e-08]
 [2.26926338e-08 9.99999977e-01 1.95061762e-14]
 [2.61675874e-04 9.99346328e-01 3.91996131e-04]
 [2.93964026e-03 9.77504009e-01 1.95563505e-02]
 [4.14232453e-02 4.22429267e-01 5.36147487e-01]
 [9.75889602e-01 9.64699629e-07 2.41094337e-02]
 [3.59839149e-01 1.08004469e-02 6.29360404e-01]
 [7.95514249e-01 6.45371772e-05 2.04421214e-01]
 [3.87465271e-06 9.99995070e-01 1.05560755e-06]
 [1.00000000e+00 2.80446425e-16 1.18164080e-11]
 [1.00000000e+00 4.31133253e-13 1.56661784e-13]
 [9.99996149e-01 2.97001950e-08 3.82176829e-06]
 [6.36087564e-05 9.99867692e-01 6.86989994e-05]
 [2.76341475e-05 9.99962545e-01 9.82119204e-06]
 [9.95812114e-01 4.11193363e-10 4.18788589e-03]
 [2.08378586e-04 9.98430979e-01 1.36064228e-03]
 [2.17137630e-07 9.99999782e-01 7.08026851e-10]
 [9.99884407e-01 1.57341697e-08 1.15576915e-04]
 [9.99975216e-01 3.34806860e-10 2.47832599e-05]
 [9.99999992e-01 1.02245281e-13 8.49461631e-09]
 [1.23891381e-07 9.99999876e-01 6.73062772e-12]
 [1.05676512e-06 9.99998941e-01 2.27458402e-09]
 [8.92686484e-02 2.00770563e-04 9.10530581e-01]
 [1.77664283e-02 7.65480300e-06 9.82225917e-01]
 [2.01065229e-02 2.11559308e-03 9.77777884e-01]
 [3.32171269e-08 9.99999967e-01 7.92424564e-13]
 [5.13396308e-03 7.73707138e-04 9.94092330e-01]
 [5.42392989e-02 2.05665678e-05 9.45740134e-01]
 [3.07330996e-07 9.99999692e-01 2.06902302e-10]
 [4.17905457e-02 3.68437125e-07 9.58209086e-01]]

alpha[0] = 0.3133382732444822
alpha[1] = 0.44705055500834673
alpha[2] = 0.23961117174717103

mu[0] = [0.34231474 0.21543789]
mu[1] = [0.68236798 0.26926427]
mu[2] = [0.49254815 0.36233837]

sigma[0] = [[0.00507317 0.00131291]
 [0.00131291 0.00816284]]
sigma[1] = [[0.0035466  0.00436529]
 [0.00436529 0.01981936]]
sigma[2] = [[ 0.0012148  -0.00032086]
 [-0.00032086  0.01035613]]

